0
52
-5.152270997818597e+00 -1.561183678674356e+00
1
52
1.239661023301480e+00 -2.333445862074850e+00
2
52
1.427443608000839e+00 -2.038446631837262e+00
3
52
5.190832973103228e-01 -3.955477524560699e+00
4
52
2.028243641160540e-01 -3.232191233749869e+00
5
52
3.394247225843897e+00 -5.291898759286575e+00
6
52
2.719931378517978e+00 -2.023274021934463e+00
7
52
2.159719649112723e+00 -5.844291044781508e+00
8
52
3.879006950674319e+00 -3.538335083159195e+00
9
52
6.123016930824274e-01 -2.875609958755472e+00
10
52
1.014396844607313e+00 -4.932183103564401e+00
