0
52
-5.152270997818597e+00 -1.561183678674356e+00
0.000000000000000e+00 0.000000000000000e+00
52
-5.152270997818603e+00 -1.561183678674368e+00
2.549171265531039e-07
1.000000000000000e+00
1.236128913302460e-14
9.765625000000001e-05
1.272453145685972e-14
0.000000000000000e+00
1
0
0
1.000000000000000e+00
0.000000000000000e+00
1
52
1.239661023301480e+00 -2.333445862074850e+00
0.000000000000000e+00 0.000000000000000e+00
52
1.239661023301543e+00 -2.333445862074989e+00
2.594916992472417e-14
1.000000000000000e+00
3.735245565438677e-16
2.441406250000000e-05
1.522312938021538e-13
0.000000000000000e+00
1
0
0
1.000000000000000e+00
0.000000000000000e+00
2
52
1.427443608000839e+00 -2.038446631837262e+00
0.000000000000000e+00 0.000000000000000e+00
52
1.427443608000775e+00 -2.038446631837115e+00
3.545211752834204e-14
1.000000000000000e+00
5.839558568792543e-16
2.441406250000000e-05
1.595765538528989e-13
0.000000000000000e+00
1
0
0
1.000000000000000e+00
0.000000000000000e+00
3
52
5.190832973103228e-01 -3.955477524560699e+00
0.000000000000000e+00 0.000000000000000e+00
52
5.190832973173045e-01 -3.955477524564317e+00
6.656747644197374e-14
1.000000000000000e+00
1.254390787797414e-17
3.906250000000000e-04
7.861419827350735e-12
0.000000000000000e+00
1
0
0
9.999999999999998e-01
0.000000000000000e+00
4
52
2.028243641160540e-01 -3.232191233749869e+00
0.000000000000000e+00 0.000000000000000e+00
52
2.028243641158662e-01 -3.232191233749572e+00
3.102273850532274e-14
1.000000000000000e+00
2.624317436826373e-16
2.441406250000000e-05
3.514422689910336e-13
0.000000000000000e+00
1
0
0
1.000000000000000e+00
0.000000000000000e+00
5
52
3.394247225843897e+00 -5.291898759286575e+00
0.000000000000000e+00 0.000000000000000e+00
52
3.394247225843897e+00 -5.291898759286579e+00
1.711774136611742e-11
1.000000000000000e+00
5.509416978481335e-16
3.906250000000000e-04
3.580361673049448e-15
0.000000000000000e+00
1
0
0
1.000000000000000e+00
0.000000000000000e+00
6
52
2.719931378517978e+00 -2.023274021934463e+00
0.000000000000000e+00 0.000000000000000e+00
52
2.719931378517970e+00 -2.023274021934461e+00
6.004173219996339e-13
1.000000000000000e+00
1.277109435650307e-16
3.906250000000000e-04
8.188600426433445e-15
0.000000000000000e+00
1
0
0
1.000000000000000e+00
0.000000000000000e+00
7
52
2.159719649112723e+00 -5.844291044781508e+00
0.000000000000000e+00 0.000000000000000e+00
52
2.159719649112719e+00 -5.844291044781510e+00
5.269391826865550e-12
1.000000000000000e+00
7.102790956132231e-16
3.906250000000000e-04
5.347542221830668e-15
0.000000000000000e+00
1
0
0
1.000000000000000e+00
0.000000000000000e+00
8
52
3.879006950674319e+00 -3.538335083159195e+00
0.000000000000000e+00 0.000000000000000e+00
52
3.879006950674317e+00 -3.538335083159198e+00
9.154080953484964e-12
1.000000000000000e+00
9.309250802935354e-16
3.906250000000000e-04
4.189529226675416e-15
0.000000000000000e+00
1
0
0
1.000000000000000e+00
0.000000000000000e+00
9
52
6.123016930824274e-01 -2.875609958755472e+00
0.000000000000000e+00 0.000000000000000e+00
52
6.123016930826164e-01 -2.875609958755777e+00
3.087259799890474e-14
1.000000000000000e+00
4.539276782936205e-16
2.441406250000000e-05
3.592179396147614e-13
0.000000000000000e+00
1
0
0
1.000000000000000e+00
0.000000000000000e+00
10
52
1.014396844607313e+00 -4.932183103564401e+00
0.000000000000000e+00 0.000000000000000e+00
52
1.014396844607348e+00 -4.932183103564416e+00
2.322344556006928e-13
1.000000000000000e+00
4.920658554855602e-16
3.906250000000000e-04
3.839831162518278e-14
0.000000000000000e+00
1
0
0
9.999999999999999e-01
0.000000000000000e+00
