11
64
1.32994843287993930213 -2.14377222095368449731
-7.20631187320838908431e-1 -3.81957122646908794959
0 0
64
1.32994843287661522978 -2.14377222095132668415
-7.20631187322350162661e-1 -3.81957122646262307647
5.58445865972761e-11
1.142097457134343e+07
1.00777659339054e-18
3.90625000000000e-4
6.63916213569890e-12
9.618986680661954e-01
1
0
0
0.000000000000000e+00
0.000000000000000e+00
12
96
5.34894755121003396790932949335e-1 1.27371596094924822665671253078
2.84775238752236555700320811358e-1 2.31075559538017308463824828046e-1
0 0
96
5.34894755120860962280220082416e-1 1.27371596094928704029407344281
2.84775238752005337504604447923e-1 2.31075559537942794161403519681e-1
3.81420932578950e-15
1.640795546605354e+02
2.27336641985999e-29
3.90625000000000e-4
2.42928457154910e-13
9.500000000000000e-01
1
0
0
0.000000000000000e+00
0.000000000000000e+00
13
96
-5.36019416255742525634431541747 -1.47777319805752803102772478535
-6.86266893614147461031182372955 -1.01109663238740373435358558086e1
0 0
96
-5.36019416255730016191098988313 -1.47777319805445348172991916012
-6.86266893614330114645643960620 -1.01109663238694330623098994568e1
4.08792841305876e-7
6.871900156726387e+11
2.05464743349363e-27
3.90625000000000e-4
4.95334633306438e-12
8.499999999999999e-01
1
0
0
0.000000000000000e+00
0.000000000000000e+00
14
52
-4.247439597340946e-01 9.073461126941414e-01
-3.657702498804840e-01 1.195424400725553e-01
0.000000000000000e+00 0.000000000000000e+00
52
-4.247439597340641e-01 9.073461126953323e-01
-3.657702498739747e-01 1.195424400685915e-01
1.853733769824766e-15
2.154742131944394e+00
1.625768832972409e-16
3.906250000000000e-04
7.621176846469937e-12
0.000000000000000e+00
1
0
0
0.000000000000000e+00
0.000000000000000e+00
15
52
-1.153765798963122e+00 1.633098390114016e+00
-3.144938513153034e+00 -2.581486440906423e+00
0.000000000000000e+00 0.000000000000000e+00
52
-1.153765798963115e+00 1.633098390113991e+00
-3.144938513153004e+00 -2.581486440906443e+00
1.033637827620876e-10
5.581944097632503e+05
2.786316164813751e-15
3.906250000000000e-04
3.547436199643087e-14
0.000000000000000e+00
1
0
0
0.000000000000000e+00
0.000000000000000e+00
16
52
-1.557773353051405e-01 2.630397332938625e+00
-1.678279416126906e+00 -5.346677637036810e-01
0.000000000000000e+00 0.000000000000000e+00
52
-1.557773353051289e-01 2.630397332938621e+00
-1.678279416126891e+00 -5.346677637036776e-01
1.087414797807206e-12
1.605812961241312e+03
3.123734960406700e-16
3.906250000000000e-04
1.481222263080710e-14
0.000000000000000e+00
1
0
0
0.000000000000000e+00
0.000000000000000e+00
17
96
5.88294078398409894784539487973e-1 6.23976585124377950992462098812e-1
-4.78408985655485097065673394347e-1 4.79526599055930052042156551219e-1
0 0
96
5.88294078398360392106003542411e-1 6.23976585124413181600716329935e-1
-4.78408985655545117259403435786e-1 4.79526599055881401664662850616e-1
1.44006157515436e-15
2.194308171693645e+02
2.10184634266190e-29
3.90625000000000e-4
7.72611343799149e-14
9.187500000000003e-01
1
0
0
0.000000000000000e+00
0.000000000000000e+00
18
52
-2.083990006579167e+00 2.575845385038864e+00
1.853213689501934e-01 -1.625877765302452e+00
0.000000000000000e+00 0.000000000000000e+00
52
-2.083990006579262e+00 2.575845385039275e+00
1.853213689502246e-01 -1.625877765302622e+00
9.522027708496686e-11
1.216458405248354e+06
2.129302110195139e-15
3.906250000000000e-04
4.216324780081670e-13
0.000000000000000e+00
1
0
0
0.000000000000000e+00
0.000000000000000e+00
19
52
-3.389851857271130e-02 9.198470938844617e-01
-4.699589096653899e-01 -3.530142990818111e-01
0.000000000000000e+00 0.000000000000000e+00
52
-3.389851857173296e-02 9.198470938756815e-01
-4.699589096698170e-01 -3.530142990898074e-01
2.920777772222141e-16
8.764956879487654e+00
1.338204933165527e-16
3.906250000000000e-04
9.140058281707138e-12
0.000000000000000e+00
1
0
0
0.000000000000000e+00
0.000000000000000e+00
20
52
-3.147584032390591e-01 1.681067662892891e+00
-8.120148576066776e-01 -4.705649459473763e-01
0.000000000000000e+00 0.000000000000000e+00
52
-3.147584032391540e-01 1.681067662892805e+00
-8.120148576066081e-01 -4.705649459474297e-01
2.811793584698680e-15
3.402598554563875e+01
2.822251080634145e-16
3.906250000000000e-04
1.278519188674497e-13
0.000000000000000e+00
1
0
0
0.000000000000000e+00
0.000000000000000e+00
21
52
-2.602880436167102e-01 3.724308373789728e-02
-1.327660197083683e+00 -1.641973322167803e-01
0.000000000000000e+00 0.000000000000000e+00
52
-2.602880436169585e-01 3.724308373809110e-02
-1.327660197083537e+00 -1.641973322164673e-01
2.346659645109709e-15
4.776497660708552e+01
3.381083008583297e-16
3.906250000000000e-04
3.456340259535540e-13
0.000000000000000e+00
1
0
0
0.000000000000000e+00
0.000000000000000e+00
22
52
-3.224717091376645e-01 9.981886192077560e-01
-4.230259645178727e-01 -6.557646368296965e-01
0.000000000000000e+00 0.000000000000000e+00
52
-3.224717091376691e-01 9.981886192077690e-01
-4.230259645178520e-01 -6.557646368297876e-01
1.241267076623637e-16
5.786849644503573e+00
6.008654425504215e-17
3.906250000000000e-04
9.335094272987706e-14
0.000000000000000e+00
1
0
0
0.000000000000000e+00
0.000000000000000e+00
23
52
4.610088319948369e-01 5.709337282960676e-01
-1.047946458051650e+00 -3.738392874286744e-01
0.000000000000000e+00 0.000000000000000e+00
52
4.610088319946159e-01 5.709337282962488e-01
-1.047946458051991e+00 -3.738392874289748e-01
5.653814242869554e-16
8.008250693763218e+00
2.923838396312802e-16
9.765625000000001e-05
4.548421544843429e-13
0.000000000000000e+00
1
0
0
0.000000000000000e+00
0.000000000000000e+00
24
52
3.734623732628350e-01 1.721376146308589e+00
-1.170395197012045e+00 -4.669878297660395e-01
0.000000000000000e+00 0.000000000000000e+00
52
3.734623732595623e-01 1.721376146312178e+00
-1.170395197012512e+00 -4.669878297690135e-01
1.003041115231041e-14
4.578523356824732e+01
1.534742498912307e-16
1.562500000000000e-03
4.857212496320919e-12
0.000000000000000e+00
1
0
0
0.000000000000000e+00
0.000000000000000e+00
25
52
6.765168632139897e-01 7.527288578532134e-01
3.130797499858013e-01 1.408963910636245e+00
0.000000000000000e+00 0.000000000000000e+00
52
6.765168632138648e-01 7.527288578532620e-01
3.130797499859979e-01 1.408963910636050e+00
1.653519719222657e-11
1.795246248980614e+04
2.459446434679044e-15
3.906250000000000e-04
2.772011686721425e-13
0.000000000000000e+00
1
0
0
0.000000000000000e+00
0.000000000000000e+00
26
52
2.798803286827261e+00 5.187781309724800e-01
-2.351047741769772e+00 -2.130157549784470e-01
0.000000000000000e+00 0.000000000000000e+00
52
2.798803286827268e+00 5.187781309724850e-01
-2.351047741769774e+00 -2.130157549784494e-01
6.429971800269391e-10
4.841292952044820e+06
3.710301267759385e-15
9.765625000000001e-05
8.326672684688674e-15
0.000000000000000e+00
1
0
0
0.000000000000000e+00
0.000000000000000e+00
27
52
-1.031514115460574e-01 1.034647401171341e+00
-4.771511408611555e-01 -2.142468349132660e-01
0.000000000000000e+00 0.000000000000000e+00
52
-1.031514115460578e-01 1.034647401171343e+00
-4.771511408611546e-01 -2.142468349132639e-01
1.366803587226643e-16
5.138720628372154e+00
9.003747078761988e-17
9.765625000000001e-05
2.314388982286638e-15
0.000000000000000e+00
1
0
0
0.000000000000000e+00
0.000000000000000e+00
28
52
-1.165700436869581e+00 3.508609421044433e+00
-3.578004614915377e+00 -1.402611455696119e-01
0.000000000000000e+00 0.000000000000000e+00
52
-1.165700436869636e+00 3.508609421044428e+00
-3.578004614915441e+00 -1.402611455696449e-01
9.102383644052609e-10
5.372465045470207e+06
4.443250873340347e-16
3.906250000000000e-04
7.196211486212278e-14
0.000000000000000e+00
1
0
0
0.000000000000000e+00
0.000000000000000e+00
29
52
4.827163640615588e-01 -3.834885368719502e-01
4.383201030113034e-01 3.037036531070795e-01
0.000000000000000e+00 0.000000000000000e+00
52
4.827163640613522e-01 -3.834885368718618e-01
4.383201030109088e-01 3.037036531073241e-01
1.747470394883636e-12
7.763483553802391e+04
1.009333187782679e-16
3.906250000000000e-04
4.641817272775454e-13
0.000000000000000e+00
1
0
0
0.000000000000000e+00
0.000000000000000e+00
30
52
-3.557148158257977e-01 9.630741531614144e-01
-4.265355092078025e-01 -3.809790973154658e-01
0.000000000000000e+00 0.000000000000000e+00
52
-3.557148158257735e-01 9.630741531614058e-01
-4.265355092078611e-01 -3.809790973154881e-01
1.144391699630559e-16
9.228881383133533e+00
7.380751911420667e-17
3.906250000000000e-04
6.265205040333816e-14
0.000000000000000e+00
1
0
0
0.000000000000000e+00
0.000000000000000e+00
31
52
1.388764399930295e+00 1.063498586127473e+00
-1.553068051521898e+00 1.201946693402370e+00
0.000000000000000e+00 0.000000000000000e+00
52
1.388764399930299e+00 1.063498586127471e+00
-1.553068051521896e+00 1.201946693402379e+00
1.866624745182415e-11
5.175233807780987e+04
4.894531251875233e-15
3.906250000000000e-04
8.724968616208750e-15
0.000000000000000e+00
1
0
0
0.000000000000000e+00
0.000000000000000e+00
32
52
1.104135122826909e+00 2.055718255938236e+00
-1.183850792283061e+00 -7.580867189992625e-02
0.000000000000000e+00 0.000000000000000e+00
52
1.104135122825297e+00 2.055718255940797e+00
-1.183850792282513e+00 -7.580867190057400e-02
4.236036209435443e-13
1.448949700656872e+03
9.160120723014566e-16
1.562500000000000e-03
3.025679424854777e-12
0.000000000000000e+00
1
0
0
0.000000000000000e+00
0.000000000000000e+00
33
52
5.255109836789105e-01 5.156381276017495e-01
-1.055324609307697e+00 -3.119063846416096e-01
0.000000000000000e+00 0.000000000000000e+00
52
5.255109836788773e-01 5.156381276017340e-01
-1.055324609307727e+00 -3.119063846415925e-01
1.474788468039721e-15
6.552803261823248e+00
3.241182766799477e-16
3.906250000000000e-04
3.665434565172566e-14
0.000000000000000e+00
1
0
0
0.000000000000000e+00
0.000000000000000e+00
34
52
5.758933295306723e-01 2.611929075299732e-01
-1.124846252092368e+00 -2.058384893685559e-01
0.000000000000000e+00 0.000000000000000e+00
52
5.758933295237291e-01 2.611929075362563e-01
-1.124846252089076e+00 -2.058384893734386e-01
4.514109588376930e-14
1.063188884068880e+02
5.632841186381180e-16
3.906250000000000e-04
9.364054439211180e-12
0.000000000000000e+00
1
0
0
0.000000000000000e+00
0.000000000000000e+00
35
52
-2.083641148281379e-01 1.330442871477542e+00
-4.287575363298553e-01 1.075177752866811e-01
0.000000000000000e+00 0.000000000000000e+00
52
-2.083641148231909e-01 1.330442871474896e+00
-4.287575363267178e-01 1.075177752806211e-01
6.381961615069272e-15
5.231886959444915e+00
2.796513302733108e-16
3.906250000000000e-04
6.824083428222916e-12
0.000000000000000e+00
1
0
0
0.000000000000000e+00
0.000000000000000e+00
36
52
-4.980595254129045e-01 1.398350960800948e+00
-6.133010357553101e-01 -8.916143516924309e-01
0.000000000000000e+00 0.000000000000000e+00
52
-4.980595254128204e-01 1.398350960800836e+00
-6.133010357550941e-01 -8.916143516921944e-01
6.862163512101830e-16
1.219951188325176e+01
3.167565192679639e-16
3.906250000000000e-04
3.203107140109511e-13
0.000000000000000e+00
1
0
0
0.000000000000000e+00
0.000000000000000e+00
37
52
-2.956333757998669e-01 -1.124762759362577e-01
-1.157755191736148e+00 -4.461002995052257e-01
0.000000000000000e+00 0.000000000000000e+00
52
-2.956333758000703e-01 -1.124762759360706e-01
-1.157755191736022e+00 -4.461002995050150e-01
1.020560098144454e-15
3.811213751883768e+01
3.367254872200588e-16
3.906250000000000e-04
2.763700118357280e-13
0.000000000000000e+00
1
0
0
0.000000000000000e+00
0.000000000000000e+00
38
52
-1.093506345519053e-01 9.209460631943234e-01
-1.597741794724237e+00 -1.184721111784834e+00
0.000000000000000e+00 0.000000000000000e+00
52
-1.093506345518486e-01 9.209460631898037e-01
-1.597741794718716e+00 -1.184721111781764e+00
1.431466735970728e-14
4.048435354276236e+01
2.078622627986436e-16
1.562500000000000e-03
6.318060668956695e-12
0.000000000000000e+00
1
0
0
0.000000000000000e+00
0.000000000000000e+00
39
52
-5.274075872677497e-02 9.637949158876383e-01
-1.800281610312362e+00 -1.060904109803472e+00
0.000000000000000e+00 0.000000000000000e+00
52
-5.274075872674033e-02 9.637949158876511e-01
-1.800281610312374e+00 -1.060904109803406e+00
1.179399696046356e-14
1.228684253098246e+02
7.608998262991339e-16
3.906250000000000e-04
6.738788544472464e-14
0.000000000000000e+00
1
0
0
0.000000000000000e+00
0.000000000000000e+00
40
52
-2.250023347831857e-01 6.727585116337110e-01
-8.110001831236462e-01 -9.325287074798470e-01
0.000000000000000e+00 0.000000000000000e+00
52
-2.250023347831755e-01 6.727585116337634e-01
-8.110001831236671e-01 -9.325287074798323e-01
2.399004031181673e-17
7.387165146490656e+00
3.441102457910738e-16
9.765625000000001e-05
5.338868481045231e-14
0.000000000000000e+00
1
0
0
0.000000000000000e+00
0.000000000000000e+00
41
52
3.541788558222724e-01 4.216822068181582e-01
-2.464866362982225e+00 -9.027494538850676e-01
0.000000000000000e+00 0.000000000000000e+00
52
3.541788558222465e-01 4.216822068180938e-01
-2.464866362982199e+00 -9.027494538850037e-01
3.978565960409022e-13
2.571129563262709e+03
4.958971967554165e-16
3.906250000000000e-04
6.939462314814679e-14
0.000000000000000e+00
1
0
0
0.000000000000000e+00
0.000000000000000e+00
42
52
-8.065682919096298e-01 1.266669936775069e+00
-4.320619974236154e-01 -8.362941312087998e-01
0.000000000000000e+00 0.000000000000000e+00
52
-8.065682919096357e-01 1.266669936775042e+00
-4.320619974236086e-01 -8.362941312087858e-01
1.010081381525606e-15
1.143190388342544e+01
1.879222969605837e-16
9.765625000000001e-05
2.752815843964021e-14
0.000000000000000e+00
1
0
0
0.000000000000000e+00
0.000000000000000e+00
43
52
-5.241034261428571e-01 1.956840721736395e+00
-4.112137385040300e-01 8.343260420520094e-01
0.000000000000000e+00 0.000000000000000e+00
52
-5.241034261453636e-01 1.956840721738772e+00
-4.112137385048622e-01 8.343260420562748e-01
5.194803647350355e-13
1.959990037642398e+03
8.275635575801565e-16
3.906250000000000e-04
4.345785172145955e-12
0.000000000000000e+00
1
0
0
0.000000000000000e+00
0.000000000000000e+00
44
52
-4.521548544200595e+00 2.116684132384621e+00
-4.384962385255932e+00 -5.095182354953653e+00
0.000000000000000e+00 0.000000000000000e+00
52
-4.521548544201017e+00 2.116684132385601e+00
-4.384962385257176e+00 -5.095182354953792e+00
1.821069068725377e-07
3.776319731488305e+09
5.073406885536088e-15
3.906250000000000e-04
1.252126833065045e-12
0.000000000000000e+00
1
0
0
0.000000000000000e+00
0.000000000000000e+00
45
52
-6.759511378864745e-01 -5.688753261099613e-01
-1.056780984726516e+00 -1.713198765841675e+00
0.000000000000000e+00 0.000000000000000e+00
52
-6.759511378866189e-01 -5.688753261099502e-01
-1.056780984726419e+00 -1.713198765841792e+00
7.801503620268330e-13
3.579535379548038e+03
3.888603954021360e-16
3.906250000000000e-04
1.519033416748090e-13
0.000000000000000e+00
1
0
0
0.000000000000000e+00
0.000000000000000e+00
46
52
-1.855133917281841e-01 9.426814226372481e-01
-1.201172812772183e+00 -9.717627516797261e-01
0.000000000000000e+00 0.000000000000000e+00
52
-1.855133917281849e-01 9.426814226372454e-01
-1.201172812772179e+00 -9.717627516797256e-01
7.585404458220004e-16
3.413154381174730e+00
2.197401185777179e-16
3.906250000000000e-04
4.035168165247571e-15
0.000000000000000e+00
1
0
0
0.000000000000000e+00
0.000000000000000e+00
47
52
2.213711007302117e+00 -4.357805531296526e-01
1.001515424142317e+00 2.063121282715631e+00
0.000000000000000e+00 0.000000000000000e+00
52
2.213711007303363e+00 -4.357805531298550e-01
1.001515424142969e+00 2.063121282716987e+00
1.733820211478284e-09
2.493626096587956e+07
1.308710583151329e-15
3.906250000000000e-04
1.504700612372749e-12
0.000000000000000e+00
1
0
0
0.000000000000000e+00
0.000000000000000e+00
48
52
-3.195030065027250e-01 7.090868734930639e-01
-8.450384167286404e-01 -9.682151322152240e-01
0.000000000000000e+00 0.000000000000000e+00
52
-3.195030065027352e-01 7.090868734930117e-01
-8.450384167286197e-01 -9.682151322152388e-01
1.799874879931532e-16
5.021320809552782e+00
2.774798249515163e-16
9.765625000000001e-05
5.317075862626353e-14
0.000000000000000e+00
1
0
0
0.000000000000000e+00
0.000000000000000e+00
49
52
1.066137955692122e-01 8.209075016488142e-02
-4.668152585540461e+00 -3.342038901925710e+00
0.000000000000000e+00 0.000000000000000e+00
52
1.066137955694018e-01 8.209075016482077e-02
-4.668152585541000e+00 -3.342038901926062e+00
4.432963385400309e-10
1.038566165639476e+07
5.033338576240891e-15
3.906250000000000e-04
6.437088032495088e-13
0.000000000000000e+00
1
0
0
0.000000000000000e+00
0.000000000000000e+00
50
52
-5.378177813513981e-01 7.832759052540742e-01
-5.494958979278866e-01 -5.569041256812867e-01
0.000000000000000e+00 0.000000000000000e+00
52
-5.378177813516872e-01 7.832759052533818e-01
-5.494958979277267e-01 -5.569041256808689e-01
1.077206011630695e-16
2.703517238882602e+00
3.011308039287718e-16
3.906250000000000e-04
7.503743147015805e-13
0.000000000000000e+00
1
0
0
0.000000000000000e+00
0.000000000000000e+00
51
52
2.083872148224540e-01 6.531569581984564e-01
-3.788485299882332e-01 -7.151648646421281e-01
0.000000000000000e+00 0.000000000000000e+00
52
2.083872148213612e-01 6.531569582012374e-01
-3.788485299882461e-01 -7.151648646390389e-01
9.407775042467579e-16
1.645396916250853e+01
1.064197091877789e-16
3.906250000000000e-04
3.089222642674323e-12
0.000000000000000e+00
1
0
0
0.000000000000000e+00
0.000000000000000e+00
52
52
2.259353396139068e-01 9.797432921012618e-01
4.052708610316699e-01 -3.457723584962666e-01
0.000000000000000e+00 0.000000000000000e+00
52
2.259353396138615e-01 9.797432921011130e-01
4.052708610317033e-01 -3.457723584962805e-01
7.150227929206011e-15
1.515233051965189e+02
2.210946448711771e-16
3.906250000000000e-04
1.555130412106550e-13
0.000000000000000e+00
1
0
0
0.000000000000000e+00
0.000000000000000e+00
53
52
1.008416772419889e+00 3.737549782912014e-01
1.096904099681180e-01 2.248494223582332e+00
0.000000000000000e+00 0.000000000000000e+00
52
1.008416772419714e+00 3.737549782914686e-01
1.096904099681745e-01 2.248494223581702e+00
4.993338019724392e-10
7.679283368250049e+05
4.252284621011570e-15
3.906250000000000e-04
6.326900820208716e-13
0.000000000000000e+00
1
0
0
0.000000000000000e+00
0.000000000000000e+00
54
96
-6.33759874003147801975602806686e-1 1.13142338334354462622695885962
1.37360989370782671955148753554 3.36165049400039610998622390415e-2
0 0
96
-6.33759874003102909887850239016e-1 1.13142338334346025203465486996
1.37360989370799580175754092844 3.36165049399284281791981355750e-2
1.33990230627251e-13
1.234618087838424e+04
1.42831277908450e-28
3.90625000000000e-4
1.85186431759813e-13
9.375000000000002e-01
1
0
0
0.000000000000000e+00
0.000000000000000e+00
55
52
2.291886905284927e-03 3.106157491964519e-01
-7.721849553809685e-01 -1.157642639648442e+00
0.000000000000000e+00 0.000000000000000e+00
52
2.291886905270795e-03 3.106157491964503e-01
-7.721849553809698e-01 -1.157642639648450e+00
3.101192922782708e-16
9.140215547749827e+00
2.803973598324205e-16
3.906250000000000e-04
1.422331992899353e-14
0.000000000000000e+00
1
0
0
0.000000000000000e+00
0.000000000000000e+00
56
52
-1.457807595038494e-03 5.247928670369019e-01
-7.025901002220257e-01 -8.597315901273401e-01
0.000000000000000e+00 0.000000000000000e+00
52
-1.457807595027688e-03 5.247928670368796e-01
-7.025901002220153e-01 -8.597315901273347e-01
9.714451465470120e-17
2.532291260111713e+00
1.333536286076497e-16
3.906250000000000e-04
2.479417219595330e-14
0.000000000000000e+00
1
0
0
0.000000000000000e+00
0.000000000000000e+00
57
52
7.090075249254764e-01 4.305204867395901e-01
3.024945626332513e-01 -1.123980345560097e+00
0.000000000000000e+00 0.000000000000000e+00
52
7.090075249254747e-01 4.305204867395945e-01
3.024945626332494e-01 -1.123980345560091e+00
9.896136742995614e-14
9.090883771052387e+02
5.698471165804986e-16
3.906250000000000e-04
6.710193838915391e-15
0.000000000000000e+00
1
0
0
0.000000000000000e+00
0.000000000000000e+00
58
52
-1.600334217303032e-01 6.632645686409673e-01
-7.480804459659436e-01 -4.689117778232581e-01
0.000000000000000e+00 0.000000000000000e+00
52
-1.600334217298737e-01 6.632645686411693e-01
-7.480804459661008e-01 -4.689117778233431e-01
1.144391699630559e-16
6.988896210129508e+00
1.468928399754026e-16
3.906250000000000e-04
4.746220708492698e-13
0.000000000000000e+00
1
0
0
0.000000000000000e+00
0.000000000000000e+00
59
52
-2.090315054342974e-01 5.099997208323857e-01
-8.303162267466483e-01 -6.420143170973658e-01
0.000000000000000e+00 0.000000000000000e+00
52
-2.090315054341804e-01 5.099997208325363e-01
-8.303162267463763e-01 -6.420143170970484e-01
2.001483021243360e-16
2.915824505965803e+00
9.183546349691704e-17
3.906250000000000e-04
4.180160124852043e-13
0.000000000000000e+00
1
0
0
0.000000000000000e+00
0.000000000000000e+00
60
52
2.708766502222334e-01 1.851264323037596e+00
-5.857797598799610e-01 3.412163456684376e-01
0.000000000000000e+00 0.000000000000000e+00
52
2.708766502221695e-01 1.851264323037561e+00
-5.857797598799684e-01 3.412163456684265e-01
1.074790540790813e-14
1.144458186006975e+02
4.013553322913438e-16
3.906250000000000e-04
7.278494208492710e-14
0.000000000000000e+00
1
0
0
0.000000000000000e+00
0.000000000000000e+00
61
52
-3.403043074050477e-01 3.034722335304791e-01
-1.848328884806270e+00 1.233567686499121e-01
0.000000000000000e+00 0.000000000000000e+00
52
-3.403043074053905e-01 3.034722335306687e-01
-1.848328884806073e+00 1.233567686502392e-01
3.375077994860476e-14
7.757934982928703e+02
3.814250147680978e-16
3.906250000000000e-04
3.916874540752080e-13
0.000000000000000e+00
1
0
0
0.000000000000000e+00
0.000000000000000e+00
62
52
-4.142330623236380e-01 9.411910404251858e-01
-2.746109833126714e-01 -6.005784085268204e-02
0.000000000000000e+00 0.000000000000000e+00
52
-4.142330623236484e-01 9.411910404239474e-01
-2.746109833191434e-01 -6.005784084877781e-02
8.374576128412822e-16
3.929147520429108e+00
3.918489870787492e-16
3.906250000000000e-04
7.558366049042973e-12
0.000000000000000e+00
1
0
0
0.000000000000000e+00
0.000000000000000e+00
63
52
4.510488823382581e-01 5.102622847205366e-01
-9.566513767730763e-01 -4.061937593927626e-01
0.000000000000000e+00 0.000000000000000e+00
52
4.510488823384788e-01 5.102622847203552e-01
-9.566513767727349e-01 -4.061937593924625e-01
2.610047902248862e-16
5.056046272136876e+00
2.787436205495870e-16
9.765625000000001e-05
4.545388381096468e-13
0.000000000000000e+00
1
0
0
0.000000000000000e+00
0.000000000000000e+00
64
52
9.967915153145476e-01 7.356527420963870e-01
-6.103957784196592e-01 -3.713698159895970e-01
0.000000000000000e+00 0.000000000000000e+00
52
9.967915153145436e-01 7.356527420963800e-01
-6.103957784196619e-01 -3.713698159896008e-01
9.309663307749510e-15
1.594784440135933e+02
2.378295564833922e-16
3.906250000000000e-04
8.055813764361257e-15
0.000000000000000e+00
1
0
0
0.000000000000000e+00
0.000000000000000e+00
65
52
5.519846891342305e-01 5.020426329235363e-01
-8.605020530429108e-01 -4.392983978130506e-01
0.000000000000000e+00 0.000000000000000e+00
52
5.519846891342165e-01 5.020426329235351e-01
-8.605020530429019e-01 -4.392983978130525e-01
2.830524433501838e-16
7.728939457545252e+00
3.264917978209630e-16
3.906250000000000e-04
1.404201725003643e-14
0.000000000000000e+00
1
0
0
0.000000000000000e+00
0.000000000000000e+00
66
52
4.280159661859272e-01 6.008420091393487e-01
-1.064641066677003e+00 -3.996946750272313e-01
0.000000000000000e+00 0.000000000000000e+00
52
4.280159661927437e-01 6.008420091329463e-01
-1.064641066680330e+00 -3.996946750223620e-01
5.075983147229352e-15
5.963216006375591e+00
1.597965062923987e-16
3.906250000000000e-04
9.351816954600117e-12
0.000000000000000e+00
1
0
0
0.000000000000000e+00
0.000000000000000e+00
67
52
8.857675113134370e-02 -4.833634345043416e-01
-1.043766333363428e+00 -1.695356282347425e+00
0.000000000000000e+00 0.000000000000000e+00
52
8.857675113206337e-02 -4.833634345037144e-01
-1.043766333362034e+00 -1.695356282347459e+00
2.733656378939589e-13
7.026792984956453e+02
3.040567075789122e-16
3.906250000000000e-04
1.393960589846400e-12
0.000000000000000e+00
1
0
0
0.000000000000000e+00
0.000000000000000e+00
68
52
-2.121677207039737e-01 9.099893347012062e-01
1.684058093778691e-01 -9.111603401094974e-01
0.000000000000000e+00 0.000000000000000e+00
52
-2.121677207039899e-01 9.099893347012191e-01
1.684058093777228e-01 -9.111603401093301e-01
6.950527037396073e-15
8.608502681288093e+01
3.242773888068875e-16
3.906250000000000e-04
2.222530642023610e-13
0.000000000000000e+00
1
0
0
0.000000000000000e+00
0.000000000000000e+00
69
52
-1.878630695857122e-02 3.713837919730199e-02
-9.580747006399236e-01 1.969180211831220e-01
0.000000000000000e+00 0.000000000000000e+00
52
-1.878630695879783e-02 3.713837919743568e-02
-9.580747006397466e-01 1.969180211830824e-01
3.925479674204775e-14
1.766217717474021e+02
4.682439103828727e-16
3.906250000000000e-04
2.631108261486005e-13
0.000000000000000e+00
1
0
0
0.000000000000000e+00
0.000000000000000e+00
70
64
5.66937747848554062489e-1 1.97188257461616959490
-1.93645599243741979131e-1 -8.14706821506025705669
0 0
64
5.66937747848555846381e-1 1.97188257461616996895
-1.93645599243744724670e-1 -8.14706821506026228688
7.78616346485778e-10
6.032631124442496e+09
9.01490639552226e-18
9.76562500000000e-5
5.90701986247818e-15
5.374999999999999e-01
1
0
0
0.000000000000000e+00
0.000000000000000e+00
71
52
-9.405379160997162e-01 4.359223996021727e-01
-1.229277363597706e+00 -2.584576057776243e+00
0.000000000000000e+00 0.000000000000000e+00
52
-9.405379160997291e-01 4.359223996021742e-01
-1.229277363597712e+00 -2.584576057776248e+00
6.800454522138693e-13
9.768018715212274e+03
6.766602570759644e-16
3.906250000000000e-04
1.307579277684230e-14
0.000000000000000e+00
1
0
0
0.000000000000000e+00
0.000000000000000e+00
72
52
-1.594602384062091e+00 -9.957201252386388e-01
-3.173467605427158e-01 -1.860930304187178e+00
0.000000000000000e+00 0.000000000000000e+00
52
-1.594602384062125e+00 -9.957201252386245e-01
-3.173467605427190e-01 -1.860930304187168e+00
1.489430159390532e-11
7.801374379498328e+04
9.195807904483559e-16
3.906250000000000e-04
3.748297744510521e-14
0.000000000000000e+00
1
0
0
0.000000000000000e+00
0.000000000000000e+00
73
52
8.742506190421802e-01 3.326169352020707e-01
1.507874769387906e+00 -2.020595685413054e+00
0.000000000000000e+00 0.000000000000000e+00
52
8.742506190421812e-01 3.326169352020725e-01
1.507874769387908e+00 -2.020595685413052e+00
1.051765088984859e-11
1.216082635861763e+05
9.964189564320424e-16
3.906250000000000e-04
2.512147933894040e-15
0.000000000000000e+00
1
0
0
0.000000000000000e+00
0.000000000000000e+00
74
52
-7.808444415484657e-01 2.905630912821672e-01
-3.876167517677738e-01 -3.030873772881789e-01
0.000000000000000e+00 0.000000000000000e+00
52
-7.808444415478488e-01 2.905630912827968e-01
-3.876167517679897e-01 -3.030873772884708e-01
6.629488672484516e-15
2.525900952924587e+01
8.654960609687503e-17
3.906250000000000e-04
8.814572914280323e-13
0.000000000000000e+00
1
0
0
0.000000000000000e+00
0.000000000000000e+00
75
52
-1.682351021506893e-01 1.649692388327012e-01
-9.616452648556972e-01 -9.772980194913955e-01
0.000000000000000e+00 0.000000000000000e+00
52
-1.682351021514416e-01 1.649692388317573e-01
-9.616452648572402e-01 -9.772980194917119e-01
2.382489709087123e-15
8.976368905471160e+00
1.398686807626516e-16
3.906250000000000e-04
1.575096627440295e-12
0.000000000000000e+00
1
0
0
0.000000000000000e+00
0.000000000000000e+00
76
52
5.697622626862916e-01 1.773166527984577e+00
-2.765441159601663e-01 6.354788072885563e-01
0.000000000000000e+00 0.000000000000000e+00
52
5.697622626862549e-01 1.773166527984483e+00
-2.765441159601534e-01 6.354788072885310e-01
1.895494486526448e-14
3.392809687932846e+02
1.599496558807912e-16
3.906250000000000e-04
1.006511931296049e-13
0.000000000000000e+00
1
0
0
0.000000000000000e+00
0.000000000000000e+00
77
52
-7.889999469410101e-01 1.180099442169159e+00
-3.846099495971339e+00 7.931185858732779e-01
0.000000000000000e+00 0.000000000000000e+00
52
-7.889999469416146e-01 1.180099442169905e+00
-3.846099495971805e+00 7.931185858761213e-01
4.515941143570033e-10
2.384615939329156e+06
1.852767077336094e-15
3.906250000000000e-04
2.881229148953832e-12
0.000000000000000e+00
1
0
0
0.000000000000000e+00
0.000000000000000e+00
78
64
-3.53275034324209784601e-1 7.94454849075806601125e-1
-1.10414012255377630607 2.96801434452365525159e-1
0 0
64
-3.53275034324154652406e-1 7.94454849075728712908e-1
-1.10414012255387210661 2.96801434452278964436e-1
1.18487043844904e-16
3.276242256643738e+01
5.28324965852619e-20
3.90625000000000e-4
1.29114297198362e-13
9.500000000000002e-01
1
0
0
0.000000000000000e+00
0.000000000000000e+00
79
52
2.357760033296493e-01 3.386386426023266e-01
-7.505533057527531e-01 -7.878135054755676e-01
0.000000000000000e+00 0.000000000000000e+00
52
2.357760033296428e-01 3.386386426023268e-01
-7.505533057527597e-01 -7.878135054755667e-01
2.410981889344759e-16
4.978729302056174e+00
1.067740251390490e-16
3.906250000000000e-04
6.610257073537883e-15
0.000000000000000e+00
1
0
0
0.000000000000000e+00
0.000000000000000e+00
80
52
3.829722003907015e-01 4.626455960201768e-01
-6.026285713222517e-01 -6.985159338373709e-01
0.000000000000000e+00 0.000000000000000e+00
52
3.829722003906942e-01 4.626455960201788e-01
-6.026285713222584e-01 -6.985159338373678e-01
3.412214902640695e-16
6.920976441934284e+00
1.585766516604415e-16
3.906250000000000e-04
7.541553047860125e-15
0.000000000000000e+00
1
0
0
0.000000000000000e+00
0.000000000000000e+00
81
52
6.159633658572528e-01 4.730734207090157e-01
-3.865002787573508e-01 -7.169300960670828e-01
0.000000000000000e+00 0.000000000000000e+00
52
6.159633658572440e-01 4.730734207090183e-01
-3.865002787573588e-01 -7.169300960670788e-01
6.549599796456269e-16
4.274020059449806e+01
1.089287953980180e-16
3.906250000000000e-04
9.150588560641057e-15
0.000000000000000e+00
1
0
0
0.000000000000000e+00
0.000000000000000e+00
82
52
7.849093117498705e-02 7.060924586573794e-01
-8.805648260183259e-01 -4.779546796595093e-01
0.000000000000000e+00 0.000000000000000e+00
52
7.849093117465598e-02 7.060924586575915e-01
-8.805648260182414e-01 -4.779546796595731e-01
3.925231146709438e-17
5.349044412565922e+00
1.224921777795469e-16
3.906250000000000e-04
3.932171884359471e-13
0.000000000000000e+00
1
0
0
0.000000000000000e+00
0.000000000000000e+00
83
52
-1.671483479987885e-01 7.117468637341026e-01
-6.934430150287034e-01 -4.780922219573383e-01
0.000000000000000e+00 0.000000000000000e+00
52
-1.671483479969921e-01 7.117468637317670e-01
-6.934430150276777e-01 -4.780922219601631e-01
1.570029662024992e-16
7.705139491921551e+00
3.994569845473041e-16
3.906250000000000e-04
3.005262812508363e-12
0.000000000000000e+00
1
0
0
0.000000000000000e+00
0.000000000000000e+00
84
52
-8.816196520135381e-01 1.482907450835427e+00
-9.917403571412362e-01 -1.280641919772513e+00
0.000000000000000e+00 0.000000000000000e+00
52
-8.816196520137438e-01 1.482907450835448e+00
-9.917403571414468e-01 -1.280641919772640e+00
2.571622607537376e-14
8.688616621207292e+01
2.739808283438348e-16
3.906250000000000e-04
2.455991250817045e-13
0.000000000000000e+00
1
0
0
0.000000000000000e+00
0.000000000000000e+00
85
64
-4.16916817449757433215e-1 -2.61772113326840174781e-1
-1.11994458357908083983 -8.55914868539504720805e-1
0 0
64
-4.16916817449915956420e-1 -2.61772113326727197500e-1
-1.11994458357890461014 -8.55914868539384441368e-1
1.83785221796938e-15
1.323377841398088e+02
9.45533896196040e-20
3.90625000000000e-4
2.13363649456795e-13
6.249999999999997e-01
1
0
0
0.000000000000000e+00
0.000000000000000e+00
86
52
-2.652537304306325e-01 9.802147138099585e-01
-7.274656267013396e-01 -8.090450519266882e-01
0.000000000000000e+00 0.000000000000000e+00
52
-2.652537304306377e-01 9.802147138099545e-01
-7.274656267013283e-01 -8.090450519266906e-01
1.144391699630559e-16
4.019978221048664e+00
4.565630936039526e-17
3.906250000000000e-04
1.158468650852170e-14
0.000000000000000e+00
1
0
0
0.000000000000000e+00
0.000000000000000e+00
87
52
1.815886595113468e-01 8.686949563155822e-01
-1.587511871337983e+00 -7.240835399840316e-01
0.000000000000000e+00 0.000000000000000e+00
52
1.815886595113143e-01 8.686949563155667e-01
-1.587511871337970e+00 -7.240835399840979e-01
2.817190924986335e-15
2.274321557542886e+01
3.526807694174971e-16
3.906250000000000e-04
6.751990895163458e-14
0.000000000000000e+00
1
0
0
0.000000000000000e+00
0.000000000000000e+00
88
52
-1.170965548908028e-01 1.222083861870102e+00
-1.037788459264828e+00 -7.811013232334475e-01
0.000000000000000e+00 0.000000000000000e+00
52
-1.170965548908062e-01 1.222083861870101e+00
-1.037788459264825e+00 -7.811013232334502e-01
5.120037514831419e-16
4.629057956994439e+00
3.568117872156475e-16
3.906250000000000e-04
3.768221900841060e-15
0.000000000000000e+00
1
0
0
0.000000000000000e+00
0.000000000000000e+00
89
64
4.60044436528558872452e-1 4.87942431833760053352e-1
-1.58720933889406706091 -4.73843179924569893525e-1
0 0
64
4.60044436528523562968e-1 4.87942431833739692442e-1
-1.58720933889404351399 -4.73843179924571685413e-1
8.68410834112666e-17
4.345016310902208e+01
1.39052000020114e-19
3.90625000000000e-4
4.07593703228064e-14
8.749999999999999e-01
1
0
0
0.000000000000000e+00
0.000000000000000e+00
90
52
-8.984348031971519e-02 9.711844360585553e-01
-8.047520545656782e-01 -6.324261846143453e-01
0.000000000000000e+00 0.000000000000000e+00
52
-8.984348031996581e-02 9.711844360583861e-01
-8.047520545654848e-01 -6.324261846143181e-01
1.942890293094024e-16
4.651411573792509e+00
1.986326123871060e-16
3.906250000000000e-04
3.023868839752226e-13
0.000000000000000e+00
1
0
0
0.000000000000000e+00
0.000000000000000e+00
91
64
-1.81062905055575605086 6.18758900842245409797
4.80501002878866620893e-1 5.32981397407800668769
0 0
64
-1.81062905055560635127 6.18758900842188108282
4.80501002878535102850e-1 5.32981397407726111741
4.81326677213156e-8
5.533803849757727e+09
1.01154530517857e-17
3.90625000000000e-4
8.15952966648159e-13
6.937500000000003e-01
1
0
0
0.000000000000000e+00
0.000000000000000e+00
92
52
-5.705812185029956e-01 1.135486268620967e+00
-3.572937743171403e-01 -1.168087819125253e+00
0.000000000000000e+00 0.000000000000000e+00
52
-5.705812185029101e-01 1.135486268620994e+00
-3.572937743171758e-01 -1.168087819124935e+00
5.501672307688614e-15
3.213513396247077e+01
4.586360518248081e-16
3.906250000000000e-04
3.203878211237044e-13
0.000000000000000e+00
1
0
0
0.000000000000000e+00
0.000000000000000e+00
93
52
-1.069390016832460e+00 -1.229901897443300e+00
-6.697649624718234e-01 -3.312947638673458e+00
0.000000000000000e+00 0.000000000000000e+00
52
-1.069390016832527e+00 -1.229901897443280e+00
-6.697649624717809e-01 -3.312947638673527e+00
4.658886054991198e-11
6.245317812606450e+05
9.694836430133280e-16
3.906250000000000e-04
8.090845031702131e-14
0.000000000000000e+00
1
0
0
0.000000000000000e+00
0.000000000000000e+00
94
52
7.477847411725123e-04 8.151466817780734e-01
-2.465518832833168e+00 -1.189330604613717e+00
0.000000000000000e+00 0.000000000000000e+00
52
7.477847411703229e-04 8.151466817780837e-01
-2.465518832833168e+00 -1.189330604613660e+00
5.295122791974646e-13
7.567733931098184e+02
8.863527833010183e-16
3.906250000000000e-04
5.684515355781502e-14
0.000000000000000e+00
1
0
0
0.000000000000000e+00
0.000000000000000e+00
95
52
-2.740131097949671e-01 3.104030260867894e-01
-8.488722567326283e-01 -1.586113923733050e+00
0.000000000000000e+00 0.000000000000000e+00
52
-2.740131097949531e-01 3.104030260867943e-01
-8.488722567326262e-01 -1.586113923733031e+00
2.806608891980462e-16
2.401711382414992e+01
2.517159259140014e-16
3.906250000000000e-04
1.965345635430272e-14
0.000000000000000e+00
1
0
0
0.000000000000000e+00
0.000000000000000e+00
96
52
-1.338767415689021e+00 9.953194298875170e-01
-1.164685989794753e+00 -1.372903522359953e+00
0.000000000000000e+00 0.000000000000000e+00
52
-1.338767415689019e+00 9.953194298874860e-01
-1.164685989794745e+00 -1.372903522359959e+00
1.088371965497031e-13
1.101042245675437e+03
3.853341964489401e-16
3.906250000000000e-04
3.108961482671808e-14
0.000000000000000e+00
1
0
0
0.000000000000000e+00
0.000000000000000e+00
97
52
1.068951492143922e+00 -1.212444917085691e-01
2.651496009725826e+00 -5.710206996127670e+00
0.000000000000000e+00 0.000000000000000e+00
52
1.068951492143921e+00 -1.212444917085828e-01
2.651496009725825e+00 -5.710206996127667e+00
8.992784561945915e-08
1.650698397703411e+08
9.336570310865455e-16
3.906250000000000e-04
1.373999115242126e-14
0.000000000000000e+00
1
0
0
0.000000000000000e+00
0.000000000000000e+00
98
52
-4.919554539729415e-01 1.390006109385833e+00
-6.108117135876396e-01 -8.846315695101076e-01
0.000000000000000e+00 0.000000000000000e+00
52
-4.919554539729361e-01 1.390006109385860e+00
-6.108117135876464e-01 -8.846315695101216e-01
5.027616506896786e-16
1.859576007879795e+01
1.214140594226319e-16
9.765625000000001e-05
2.741261829853606e-14
0.000000000000000e+00
1
0
0
0.000000000000000e+00
0.000000000000000e+00
