0
52
-8.507987636536826e-01 1.187081522184596e+00
-2.159974214478109e+00 -2.923962689350705e+00
1
52
5.279015799608633e-01 1.924923356247739e+00
-1.349410181540168e+00 -4.722271658246187e-01
2
52
6.535863775648666e-01 1.892818299773450e+00
-1.130967098851488e+00 -2.816482613706089e-02
3
52
-2.003014354482071e-01 1.086808204263283e+00
-1.746847139928562e+00 -1.579223767775905e+00
4
52
6.589955980780133e-01 2.092181866483054e+00
-2.177050901108699e+00 3.989775049802621e-01
5
52
8.321372463513351e-01 -4.520136231567979e-01
3.396593272419978e-01 -2.318685527106321e+00
6
52
1.273668503635470e+00 4.782586632036440e+00
-1.326477741655044e-01 2.087393097888047e+00
7
52
-2.551469844643560e-02 2.647179487751875e-01
-3.582566550146877e-01 -1.943564203600437e+00
8
52
6.362932499027193e-01 2.165214069242704e+00
-5.984023472212237e-02 9.617822163588072e-01
9
52
7.406983401825866e-02 1.981169810807288e+00
-1.746896843354475e+00 -1.053969746992577e+00
10
52
-4.710459866606024e-01 3.426602912820062e-01
-8.945470325720321e-01 -3.802380803300287e+00
11
52
-1.493024718524069e+00 1.116953223976858e+00
-6.363932856059143e-01 1.502764758016972e+00
12
52
-2.807470075258678e-01 1.555592138698587e+00
-3.060848654513152e-01 6.348067897842238e-01
13
52
2.075971000184037e+00 2.824442858317392e+00
2.617042785848593e+00 1.629297231892132e+00
14
52
-4.717674119361795e-01 9.694865874921735e-01
-3.093003885403275e-01 1.597468324642405e-01
15
52
-4.739005586882680e-01 1.523237581963431e+00
-1.895486751834642e+00 -1.919959317397680e+00
16
52
-2.749875991083608e-01 3.058483418787967e+00
-1.370052109686455e+00 -8.904097754522389e-01
18
52
-1.587850451396582e+00 5.921754464044209e-02
-6.180214382134468e-01 5.990902475245855e-01
19
52
-2.594477559610099e-02 9.375673134418532e-01
-2.579380850798153e-01 -3.564492285316638e-01
20
52
-1.368697192379401e+00 1.536036439340785e+00
-4.326244051706943e-01 -8.203428742800983e-01
21
52
-4.376472744055547e-01 -3.383157780354001e-01
-1.642012774920203e+00 1.108361764938420e-01
22
52
-4.714599273877347e-01 1.051496658601341e+00
-3.978921798025971e-01 -6.851135634462163e-01
23
52
3.945214227357166e-01 1.311488993805087e+00
-1.309358746090485e+00 -3.833432677129870e-01
24
52
-5.354792647495523e-01 2.193562871138961e+00
-1.041136981285079e+00 -1.239118397497771e+00
25
52
1.317288811618695e-01 1.252651306280204e+00
-3.911539956780168e-01 1.203748718292362e-01
26
52
2.112624764274964e+00 -8.501362970596767e-01
-2.134049437663597e+00 2.097115919683554e-01
27
52
5.128166779078165e-02 9.621885111977436e-01
-5.634492736410490e-01 -2.266841766618903e-01
28
52
2.630460369291934e-01 3.646470058080882e+00
-1.259505514094049e+00 2.772404707161364e-01
30
52
-2.793612530872805e-01 9.456938686238370e-01
-3.996089031958880e-01 -4.364133479754327e-01
31
52
5.039530862210210e-01 1.179776964600280e+00
-9.497834991226671e-01 1.828342068277492e-01
32
52
-6.652044550702949e+00 2.546775788783803e+00
-2.574183012532633e+00 1.695918759321901e-01
33
52
8.155538782491677e-01 6.673176556200481e-01
-1.137376262136867e+00 -3.102218507789613e-01
34
52
-1.852301810155008e+00 -8.318549876762420e-01
-1.539435353355350e+00 -2.561872038238612e-02
35
52
-1.286504100684427e-01 1.012748154273511e+00
-3.471028659700031e-01 -4.089798201508791e-02
36
52
-6.998476364202005e-01 1.416955099138384e+00
-5.089964506642106e-01 -1.000851782381350e+00
37
52
-3.386628534780872e-01 -5.288211455674119e-01
-1.384945584095272e+00 -3.429922995680676e-01
38
52
-3.861590481169835e-01 7.920547550096266e-01
-1.022084150982449e+00 -1.659675032183762e+00
39
52
2.047689953970193e-02 9.572816112303142e-01
-1.334164529737788e+00 -6.548215288427546e-01
40
52
-2.088372337686589e-01 6.915438232973253e-01
-8.088141676859198e-01 -8.811808195314701e-01
41
52
1.226321366641169e-01 2.305538749388801e-01
-2.101047290886734e+00 -5.688412002404004e-01
42
52
-8.673459808766366e-01 9.688486106831340e-01
-3.561557880416424e-01 -4.577992651894602e-01
43
52
-1.596917131581602e+00 6.154279343505118e-01
-4.213824607166768e-01 -1.017702336188045e-01
44
52
-2.385090404996016e+00 -2.541692221573945e+00
1.375596293348166e+00 -3.940176773463674e+00
45
52
-3.079562755212871e+00 -3.321002891802984e+00
-3.174706129070376e+00 -1.596247144239356e+00
46
52
-4.404964220942523e-01 8.934741805461661e-01
-1.019370164726374e+00 -1.321364702144023e+00
47
52
-1.556304422984101e-01 -5.699564126269395e-01
3.793532258731723e-01 -3.045649946462606e-01
48
52
-1.475181098147703e-01 7.046253480283826e-01
-8.900457565099044e-01 -7.615406722371831e-01
49
52
-6.637270591708136e-01 -4.787897413135939e-01
-3.440683901342863e+00 4.570205572905833e-01
50
52
-3.571028758539057e-01 8.860593384678318e-01
-5.283594482992211e-01 -7.257712058554395e-01
51
52
3.478916801347634e-01 1.077090606525880e+00
-1.370082272341593e-01 -9.779155526341619e-02
52
52
4.829743241609472e-01 1.162777672501420e+00
1.173858656903928e+00 -1.653295328447651e-01
53
52
-2.314151751608089e+00 1.366464020864021e+00
3.313152452474616e+00 -1.869742509578242e-01
54
52
-6.744780986588728e-01 1.552370247951320e+00
1.725811612708032e+00 1.155438724871891e+00
55
52
-4.206501988321523e-02 4.052892208798559e-01
-7.723778036778134e-01 -1.003576201357043e+00
56
52
3.453320966182379e-02 7.596207046854146e-01
-6.006333379390041e-01 -5.526896467210736e-01
57
52
2.871974465952742e-01 1.542552173076666e-02
-3.599521721283193e-01 -1.644328612813907e+00
58
52
-4.683942514796355e-01 6.514985939644561e-01
-3.883520149150425e-01 -1.187133020632309e-01
59
52
-1.019525604336146e+00 6.342324818819807e-01
-4.467534736863595e-01 2.767290676726821e-02
60
52
6.225523119296611e-01 1.917032323094658e+00
-6.435043473799322e-01 3.951718743754239e-01
61
52
-1.377950820959475e+00 2.772416914081466e-01
-9.942875378015082e-01 7.640916651216478e-01
62
52
-9.799292684211802e-01 9.307410437116791e-01
-6.407893916687986e-02 5.951137432151078e-01
63
52
1.888012976975073e-01 8.548425776527662e-01
-8.399687333119396e-01 -3.902753685725934e-01
64
52
5.207942294621772e-01 1.278952081531084e+00
-8.773166753910465e-01 -2.091611421009754e-01
65
52
3.317814071649871e-02 -2.070235489091192e-02
-1.117023801563327e+00 -6.536240946524944e-01
66
52
7.441271895610761e-02 4.780130519391267e-01
-1.058444121643598e+00 -5.208231792241500e-01
67
52
7.854063491081666e-02 -1.019218555000191e-01
-9.728004318090409e-01 -1.121442033262889e+00
68
52
-3.442100700586108e-01 9.831862449393960e-01
-1.574082482215122e-01 -1.012236329594290e-01
69
52
-6.623825826437055e-01 7.922429131286716e-01
-4.939215017338665e-01 2.357518766153739e-01
70
52
-5.714263213648700e-02 7.034031227623198e-01
-2.306132011139746e+00 -3.758965879434881e+00
71
52
-4.297098633344618e-01 1.324713732662562e+00
-1.682054935678487e+00 -1.553353910557785e+00
72
52
-1.121726756538250e+00 -6.014282795889199e-01
-1.809158025848852e-01 -1.030435697197868e+00
73
52
7.402407427885220e-01 -4.739000256316835e-01
1.050466804711851e+00 -3.799759566471328e+00
74
52
-8.208711972656043e-01 1.948027485675964e-01
-3.723174921543893e-01 -3.589157897262488e-01
75
52
-2.797687647147516e+00 1.673409835243014e-01
-8.153481877047846e-01 -8.681896687145957e-02
76
52
4.665794519614945e-01 1.274778425049570e+00
-5.544581761266275e-01 2.574464093843813e-02
77
52
1.826216277586150e-01 3.556006191030879e+00
1.266569527074369e+00 2.804317303588056e+00
78
52
6.990478320963771e-02 9.600542527165832e-01
-5.238054854772591e-01 5.620736524613282e-02
79
52
-8.741133969437575e-03 4.011531937498176e-01
-8.962019863858591e-01 -6.817846031701623e-01
80
52
3.403661149179087e-01 1.076481070598120e+00
-6.280760644813702e-01 -2.014196194361486e-01
81
52
4.385251456017456e-01 -9.161473701196279e-01
-7.513812596443570e-01 -1.956880435447041e+00
82
52
3.094805722455825e-02 6.928042061918538e-01
-9.355159240485489e-01 -5.159019888570354e-01
83
52
-7.522966130969806e-02 6.327523890680319e-01
-7.971449818074573e-01 -6.630854694998377e-01
84
52
-5.854482593847566e-01 1.608734737624013e+00
-1.088614688620912e+00 -1.408305702306945e+00
85
52
-1.492803575974439e-01 -8.045712172904655e-01
-1.328763668490990e+00 -9.690709026852247e-01
86
52
-1.484137434064855e-01 8.906325588060433e-01
-4.750757740938857e-01 -5.305974632997789e-01
87
52
9.813868473023953e-02 6.903355403069972e-01
-1.409895130766646e+00 -6.467294857883986e-01
88
52
3.985047055595883e-01 9.966111141357953e-01
-8.443686451744551e-01 -2.832558868137414e-01
89
52
5.676796827227282e-02 6.536112725754778e-02
-1.362824265254831e+00 -4.008272294428745e-01
90
52
-5.159971625720665e-01 1.098115128419548e+00
-6.641397838991550e-01 -1.061095317312523e+00
91
52
-1.518925435313895e+00 -1.311351158551844e-01
-1.104521121769554e+00 4.127778342669325e-01
92
52
-6.106142222922925e-01 8.651203788948658e-01
-3.344827100047023e-01 -1.886813290176610e-01
93
52
1.282632859196842e+01 -1.102284319804810e+01
7.058889370992141e+00 -1.193066750060074e+01
94
52
-2.142109626971748e+00 7.951986344240610e+00
5.742295958467349e-01 -6.691697772080983e+00
95
52
-2.013826799433255e-01 6.226140524671193e-01
-8.196185313538300e-01 -1.139587415524912e+00
96
52
-2.636759670211654e+00 3.018540619254765e+00
-7.543079467141836e-01 -8.519449437050919e-01
97
52
1.724813290432598e+00 7.991338827674728e-01
5.669689382682484e+00 -4.552225987242236e+00
98
52
1.052281230765876e-01 9.586842730973801e-01
-5.865559378322649e-01 -3.209923487202992e-01
