52
5
2.501815262724464e-01 -9.433191338296631e-02
-6.102359200753420e-01 -2.644937365875307e-01
1.812478860287373e-01 -3.402406226091099e-01
6.102359200753419e-01 2.644937365875306e-01
1.812478860287372e-01 -3.402406226091098e-01
52
2.501815262722983e-01 -9.433191338293290e-02
-6.102359200753759e-01 -2.644937365874225e-01
1.812478860287359e-01 -3.402406226091532e-01
6.102359200753760e-01 2.644937365874226e-01
1.812478860287359e-01 -3.402406226091530e-01
0.000000000000000e+00 0.000000000000000e+00
5.981840453582202e+03
0
1.671726298552737e-04
0.000000000000000e+00
0
52
5
-1.954738510115644e-01 5.824561820298417e-01
-2.544574348023833e-01 2.958838480763433e-01
-4.196127347527943e-01 -4.189688964166627e-01
1.954738510115645e-01 -5.824561820298417e-01
1.110223024625157e-16 4.163336342344337e-17
52
-1.954738510135189e-01 5.824561820308656e-01
-2.544574348010452e-01 2.958838480760406e-01
-4.196127347522938e-01 -4.189688964156444e-01
1.954738510133200e-01 -5.824561820308506e-01
-1.346700528870315e-13 -1.067840260660091e-12
0.000000000000000e+00 0.000000000000000e+00
4.649817575747139e+19
1
1.268349220378198e-01
1.997797746587977e-12
0
52
5
-8.230115871654117e-01 7.542382984784050e-01
1.048295759487512e+00 6.598845615541671e-02
-3.439685171802420e-01 6.685905283331286e-01
1.048295759487512e+00 6.598845615541704e-02
3.439685171802420e-01 -6.685905283331287e-01
52
-8.230115871655160e-01 7.542382984783853e-01
1.048295759487600e+00 6.598845615546989e-02
-3.439685171802754e-01 6.685905283331793e-01
1.048295759487608e+00 6.598845615545745e-02
3.439685171802628e-01 -6.685905283331794e-01
0.000000000000000e+00 0.000000000000000e+00
1.613397344857607e+03
0
6.198101188075628e-04
0.000000000000000e+00
0
64
5
3.60208113179654396087e-1 2.01207032081891223582e-1
-1.36537158716114623700e-2 -6.50449742181220930104e-2
-3.73861829051265858451e-1 -2.66252006300013316619e-1
3.73861829051265858506e-1 2.66252006300013316646e-1
-1.36537158716114623649e-2 -6.50449742181220930376e-2
52
3.602081131796548e-01 2.012070320818903e-01
-1.365371587161565e-02 -6.504497421812461e-02
-3.738618290512644e-01 -2.662520063000122e-01
3.738618290512640e-01 2.662520063000103e-01
-1.365371587160907e-02 -6.504497421811960e-02
0 0
1.701232234482118e+02
0
1.652914773461242e-04
0.000000000000000e+00
0
52
5
-3.142488286304973e-01 4.495511219948441e-01
-1.423733322327559e-01 4.943477450034188e-01
-6.035410766481453e-01 -4.336753540285134e-01
3.142488286304976e-01 -4.495511219948440e-01
0.000000000000000e+00 2.775557561562891e-17
52
-3.142488286296826e-01 4.495511219938585e-01
-1.423733322339194e-01 4.943477450013671e-01
-6.035410766470376e-01 -4.336753540280975e-01
3.142488286312455e-01 -4.495511219948738e-01
2.190470027585434e-13 4.186095914349153e-13
0.000000000000000e+00 0.000000000000000e+00
3.743633966606419e+20
1
1.007568296437608e-01
1.702821914232024e-12
0
64
5
5.07649190244338532202e-1 4.57672780971305684502e-2
-4.94869570813799929945e-1 -5.56553376604839469778e-1
2.62563087883803393091e-2 -2.91988496403491888708e-1
5.07649190244338532202e-1 4.57672780971305684231e-2
0 5.42101086242752217004e-20
64
5.07649190244343309305e-1 4.57672780971471205311e-2
-4.94869570813786718399e-1 -5.56553376604846600575e-1
2.62563087883865638899e-2 -2.91988496403477220401e-1
5.07649190244325397038e-1 4.57672780971336799207e-2
7.84317950213234138523e-15 -5.73675764010961319883e-15
0 0
1.020976199688343e+22
1
2.201484609874002e-02
5.267473685111377e-15
0
96
5
-3.69556622419965261955947122732e-1 -5.96309080188942404779486865659e-1
-3.58881559786025661011552746702e-1 1.81597242209341593484491480374
-1.39216461087666189578345397820 -1.17764229198760636323378833776
3.69556622419965261955947142895e-1 5.96309080188942404779486862731e-1
-2.42338070083894826622483015255e-27 9.46633086265214166494074278339e-29
96
-3.69556622419965236294286954228e-1 -5.96309080188942407816188342444e-1
-3.58881559786025671039127753297e-1 1.81597242209341594880717586596
-1.39216461087666196870332120947 -1.17764229198760644201397071844
3.69556622419965272477516392793e-1 5.96309080188942339959638353391e-1
-9.28203109063393935167216007027e-17 7.73859097095447753053662283169e-17
0 0
3.595279561220368e+29
1
1.329956609015033e+01
1.886148623062869e-12
0
64
5
-3.83552582458492828264e-1 6.72534863593515985119e-1
5.09484293000950672413e-3 2.34714724650237614961e-1
-4.96152602306700727151e-1 -2.17120099461704587371e-1
3.83552582458492828373e-1 -6.72534863593515985119e-1
5.42101086242752217004e-20 6.77626357803440271255e-21
64
-3.83552582458448841532e-1 6.72534863593501504135e-1
5.09484292997712027709e-3 2.34714724650211953576e-1
-4.96152602306692179355e-1 -2.17120099461693717377e-1
3.83552582458446239067e-1 -6.72534863593504760428e-1
2.78281629510768180324e-14 2.73687593855403976661e-14
0 0
1.070519068328116e+21
1
3.730942069169123e-02
7.802230745371042e-14
0
64
5
-6.79539476342846095896e-1 1.17184144147537676339
5.11200146107390483512e-1 -3.08207482408229540996e-1
-3.61165628437289492784e-1 3.68384202763791693936e-1
6.79539476342846096059e-1 -1.17184144147537676350
5.42101086242752217004e-20 -2.71050543121376108502e-20
64
-6.79539476342833985033e-1 1.17184144147539591159
5.11200146107380563659e-1 -3.08207482408256811202e-1
-3.61165628437266700930e-1 3.68384202763797395213e-1
6.79539476342834008451e-1 -1.17184144147539592721
3.79470760369926551903e-19 -1.10588621593521452269e-17
0 0
4.729586230686570e+22
1
5.509157080076683e-01
1.795581780525774e-15
0
96
5
2.81089900580128113213968754659e-1 2.55246205370929007873506238908e-1
1.24882807778777846284677772669e-1 1.36109625056734363372392822987e-1
-5.79902511067991523870623588731e-1 -2.55795849242618553738219979897e-1
2.81089900580128113213937934217e-1 2.55246205370929007873564866375e-1
9.13101449083527750288521179252e-24 -9.16335778794933898690709266370e-24
96
2.81089900580128301914397149648e-1 2.55246205370925789391269207045e-1
1.24882807778769247673754138415e-1 1.36109625056731285948307747991e-1
-5.79902511067986519228701740839e-1 -2.55795849242621851268475618274e-1
2.81089900580130313802336564402e-1 2.55246205370925709663729182250e-1
-3.82331256577675872308816455444e-16 -9.33196125189320469590752271172e-17
0 0
5.898042797616963e+23
1
1.674192615284312e-04
9.109389907928746e-18
0
96
5
4.96661037422870961809423132542e-1 1.83974333255940388277368288575e-1
-7.91596925686144024889421450900e-2 -5.16654791521852193823828244170e-1
-1.62884945094269415135928305913e-1 -9.53423606905009508683142914777e-2
4.96661037422870961809195558717e-1 1.83974333255940388277346878094e-1
1.32201799115487865908070265706e-22 -6.86182959124062161862171274040e-23
96
4.96661037422864823503030452507e-1 1.83974333255940725546617682110e-1
-7.91596925686158606095544920931e-2 -5.16654791521836039464256198501e-1
-1.62884945094277640774380330894e-1 -9.53423606905073929554411693101e-2
4.96661037422864742498626539895e-1 1.83974333255938291815305277655e-1
7.38301464103171566931450549012e-16 1.01686057575762794526286939435e-15
0 0
1.224671744305775e+22
1
7.982063598172677e-03
1.149871600376887e-16
0
160
5
3.2559241805720097483320649333896671889989097834199e-1 2.1305408981072630145880941543565925657050565399810e-1
3.9179111103833549660088466079509300822478931393265e-30 -4.6077889180545820213468150982988671999393205201480e-30
-4.5953290109815033572110458639005217646250817475095e-1 -2.6449507370658865502040474778643466167444939914532e-1
3.2559241805720097483320649334836438404453096578241e-1 2.1305408981072630145880941542071982435565391076871e-1
-1.3702888295573793180209427874986594935426105308712e-29 2.2770789746173778687111079025826418671466968793403e-29
160
3.2559241805689568846039849152864061292939419972270e-1 2.1305408981117184533910522935954427258371215566854e-1
-5.0936992608212809601037140162616738410897382577376e-13 3.5905195465582057250618889367438077354452708638858e-12
-4.5953290109497639955115767288250933999876833182907e-1 -2.6449507370904291496961260346026406945584310355311e-1
3.2559241805667974129755550228151283697741869203356e-1 2.1305408981521962003025679604913701604231499474326e-1
2.2781619400525248186868096243193227977521307375335e-13 -6.0673607624711203833385536126590291185762532617184e-12
0 0
4.592307718313379e+29
2
8.011244248643679e-04
6.709812875393361e-14
0
96
5
1.42558363488866121768782418494 1.32003081761940096875575097272
-2.07811858405007928449343659456 -1.06819119219256371681699163768
1.32170588232370735713444463332 -1.02456077977244987533809225351
-1.42558363488866121768782418476 -1.32003081761940096875575097171
2.74523595016912108283281540718e-28 -2.08259278978347116628696341235e-28
96
1.42558363488866130463704872473 1.32003081761940103579148559693
-2.07811858405007932249519541599 -1.06819119219256367957630866719
1.32170588232370735180966528012 -1.02456077977244993157454864198
-1.42558363488866137986305086781 -1.32003081761940098378483911771
-6.65550186247300225572219443436e-18 2.50930229005129918304561622694e-17
0 0
4.865796980396823e+29
1
6.968249227902081e+01
1.421647500265586e-12
0
64
5
3.48218139076740087687e-1 2.97591070956570899714e-2
-5.50932358491370380098e-1 -7.71683994839060607724e-2
-1.96430603342995889393e-1 -5.15247837510535391448e-1
3.48218139076740087714e-1 2.97591070956570899849e-2
0 2.71050543121376108502e-20
64
3.48218139076749761264e-1 2.97591070956656109873e-2
-5.50932358491367647367e-1 -7.71683994839107752087e-2
-1.96430603342990578374e-1 -5.15247837510532017248e-1
3.48218139076727886130e-1 2.97591070956611241521e-2
2.54790221039524755753e-15 -2.56644206754474968335e-15
0 0
1.910997985512088e+22
1
2.464630639732379e-02
4.131581697331224e-15
0
96
5
3.88397068183626773343538588506e-1 1.55683415984042406061396271631e-1
-1.69696368480165289980267644707e-1 -1.91979146850599636233904320977e-1
-2.92371383187679097074297266279e-1 -2.73463988787941919036431977122e-1
3.88397068183626773343498365637e-1 1.55683415984042406061052998269e-1
5.74964110669593250016837847029e-23 7.80705187866293852760298868338e-23
96
3.88397068183606901219642062712e-1 1.55683415983503297769572487628e-1
-1.69696368481702732776368474585e-1 -1.91979146850321538231299058042e-1
-2.92371383187159322067014756511e-1 -2.73463988788858568649988224945e-1
3.88397068183497182342625361019e-1 1.55683415983666939423028751545e-1
9.78220059525222029857824539825e-15 -5.50143135454621361325961621623e-14
0 0
5.650920841438895e+22
1
4.829249771106441e-04
4.115116383265592e-16
0
64
5
5.89633443063460970673e-1 1.68891003760629802031e-1
-1.20010089764321862998e-1 -7.97410940203438213048e-1
-2.56205260628136656119e-3 -2.31392258220488031778e-3
5.89633443063460970673e-1 1.68891003760629802085e-1
0 1.35525271560688054251e-20
64
5.89633443063460869246e-1 1.68891003760628310765e-1
-1.20010089764324085802e-1 -7.97410940203436481685e-1
-2.56205260628322615087e-3 -2.31392258220763169933e-3
5.89633443063460901555e-1 1.68891003760628180552e-1
-1.36383146529667209634e-15 2.03806969131109516624e-15
0 0
9.530055161865759e+21
1
8.892914255570589e-03
2.720990408937183e-15
0
64
5
-5.77990846414096268895e-1 7.84263304420905566113e-1
2.78503701478573303810e-1 1.48236685161749746334e-1
-5.61989377769124711802e-1 5.49050339711782786449e-3
5.77990846414096269058e-1 -7.84263304420905566113e-1
0 -6.77626357803440271255e-21
52
-5.779908464152929e-01 7.842633044250772e-01
2.785037014818538e-01 1.482366851585885e-01
-5.619893777686826e-01 5.490503399454394e-03
5.779908464154406e-01 -7.842633044249830e-01
-1.562860951764833e-12 3.539807336139233e-13
0 0
3.138042145953196e+20
1
1.328785066887982e-01
1.196908745919640e-11
0
160
5
3.2559241805720097483320649333896671889989097834199e-1 2.1305408981072630145880941543565925657050565399810e-1
3.9179111103833549660088466079509300822478931393265e-30 -4.6077889180545820213468150982988671999393205201480e-30
-4.5953290109815033572110458639005217646250817475095e-1 -2.6449507370658865502040474778643466167444939914532e-1
3.2559241805720097483320649334836438404453096578241e-1 2.1305408981072630145880941542071982435565391076871e-1
-1.3702888295573793180209427874986594935426105308712e-29 2.2770789746173778687111079025826418671466968793403e-29
160
3.2559241805733851868575138667929579792682405949578e-1 2.1305408981055786661115860504317804219871540545119e-1
-2.4450938931199041222221463443112800299140099315406e-12 2.2110852700793335059974325057876558577652668060538e-12
-4.5953290109344739424891549538602803335457330517250e-1 -2.6449507370932658536549349016625420452477721980275e-1
3.2559241805696716353414821197707834271850930399011e-1 2.1305408981460743321906975434917397563075726200757e-1
4.2013979969275516246438217812740746550747065399093e-13 -6.0757377326000740786187660720428199866370348813954e-12
0 0
4.592307718313379e+29
2
8.011244248643679e-04
6.581304407236651e-14
0
52
5
-6.059428702023647e-01 3.304608699149356e-01
1.894991991147975e-01 7.227739848656638e-01
-9.071377879902547e-01 -3.144946918034816e-01
6.059428702023645e-01 -3.304608699149355e-01
2.220446049250313e-16 -5.551115123125783e-17
52
-6.059428702045736e-01 3.304608699125171e-01
1.894991991163170e-01 7.227739848708621e-01
-9.071377879939002e-01 -3.144946918048435e-01
6.059428702036290e-01 -3.304608699121879e-01
-5.651035195342047e-14 -3.496092304544618e-13
0.000000000000000e+00 0.000000000000000e+00
3.550733107880615e+21
1
2.922263976270483e-01
1.855098035802894e-11
0
64
5
5.50121033929411395232e-1 2.99333098885081662263e-1
2.70908967798936428227e-1 -6.71985538035887344397e-1
-2.25430849076149169506e-1 1.46928992000105359693e-1
5.50121033929411395232e-1 2.99333098885081662317e-1
0 0
64
5.50121033929404920594e-1 2.99333098885085217741e-1
2.70908967798947306841e-1 -6.71985538035867798726e-1
-2.25430849076163476272e-1 1.46928992000103159223e-1
5.50121033929405027496e-1 2.99333098885085663836e-1
2.28515936642054162675e-16 -1.60268798015880675756e-16
0 0
5.469905895744278e+22
1
6.526116617843555e-02
3.528359639048991e-16
0
96
5
-1.70589953960872396631508684724 -1.05965306229792507343124116137e-1
1.44442159977910293661732891812 1.56834422504752273867116956215
-2.04293792407927136867044988920 1.44406478256225399963776117131e-1
1.70589953960872396631508685335 1.05965306229792507343124113181e-1
-1.46412584009019791084416821716e-27 7.95171792462779899855022393805e-28
96
-1.70589953960872391150087097048 -1.05965306229792489244772845769e-1
1.44442159977910287728217851630 1.56834422504752271426514846499
-2.04293792407927131301867342456 1.44406478256225348527881176878e-1
1.70589953960872392897613340198 1.05965306229792499349057097153e-1
-2.56049085212188650822429954252e-17 -1.75778409891749507880455257423e-17
0 0
4.713967551427423e+29
1
2.999997588026350e+01
1.467881076303020e-12
0
96
5
-1.77460738842408699491484541468e-1 7.09796925730115897022949227904e-1
-2.42186140246279168897417845771e-1 1.31886826605630802963691472741e-1
-3.15142954703905395631462581075e-1 -3.36443782774524245527272220672e-1
1.77460738842408699491372324862e-1 -7.09796925730115897023180225625e-1
2.15375188676473666790461729488e-21 8.40735440671206603427272065897e-22
64
-1.77460738842938466542818124611e-1 7.09796925729933411007728776693e-1
-2.42186140246053173398648491847e-1 1.31886826606327548518343261569e-1
-3.15142954704146462849539533230e-1 -3.36443782774888719679855057787e-1
1.77460738842962610525800723482e-1 -7.09796925729884585677285577243e-1
-2.72944088663094885927051791441e-13 -3.92577754972003173383754415227e-13
0 0
6.166842136689781e+20
1
3.783029369965631e-02
3.758703412769059e-13
0
52
5
-1.460132657464662e-01 6.864993768577521e-02
-4.581345149260184e-01 1.413268460732494e+00
-9.971789518347161e-01 -1.072622211437743e+00
-1.460132657464664e-01 6.864993768577513e-02
-3.330669073875470e-16 -2.775557561562891e-17
52
-1.460132657466944e-01 6.864993768584537e-02
-4.581345149258482e-01 1.413268460733142e+00
-9.971789518351140e-01 -1.072622211437917e+00
-1.460132657466758e-01 6.864993768581637e-02
-1.887379141862766e-15 -1.887379141862766e-15
0.000000000000000e+00 0.000000000000000e+00
7.399867550595105e+23
1
1.721185843739052e+00
6.111735279213565e-12
0
96
5
3.70550919653521060741637356233e-1 2.88551789792732635826457715684e-1
2.29596863029751487529866051960e-1 -1.31688553929300548457329068225e-1
-4.85290506585537470445203313457e-1 -9.34989780329777448109288341086e-2
3.70550919653521060741717208287e-1 2.88551789792732635826537624416e-1
-8.49655575287136389612311003586e-24 -3.37273441059408865823340840036e-23
96
3.70550919653494624942237504257e-1 2.88551789792738685303062672882e-1
2.29596863029769530755134196584e-1 -1.31688553929227901250379901876e-1
-4.85290506585581958662756711361e-1 -9.34989780329987607051920072283e-2
3.70550919653500559706639598500e-1 2.88551789792737071518613181902e-1
-1.59665405876241339669730160684e-15 -4.33713985205022359265169564930e-16
0 0
1.691811630907968e+23
1
1.284900330893652e-03
3.152712210020880e-17
0
160
5
3.2559241805720097483320649333896671889989097834199e-1 2.1305408981072630145880941543565925657050565399810e-1
3.9179111103833549660088466079509300822478931393265e-30 -4.6077889180545820213468150982988671999393205201480e-30
-4.5953290109815033572110458639005217646250817475095e-1 -2.6449507370658865502040474778643466167444939914532e-1
3.2559241805720097483320649334836438404453096578241e-1 2.1305408981072630145880941542071982435565391076871e-1
-1.3702888295573793180209427874986594935426105308712e-29 2.2770789746173778687111079025826418671466968793403e-29
160
3.2559241805808553642654185160695860540674254164916e-1 2.1305408981068646885301652118696884786451439410970e-1
-2.0610426453438038145010043376967657522841868348279e-12 -1.3042084256628982397250682281429936226423582610866e-13
-4.5953290109250747516926273139156309100347648389561e-1 -2.6449507370807306166240750355857375811993560717164e-1
3.2559241805763386884935160026193178812600763873558e-1 2.1305408981461010857671004187533262536590466711154e-1
5.2596974214351283409270586259984674406340018723206e-13 -5.9211139513503445118085017265890289178196248773596e-12
0 0
4.592307718313379e+29
2
8.011244248643679e-04
6.112668009690863e-14
0
96
5
4.27689717267984528975517027769e-1 2.65263077636601868847514978020e-1
1.62269311552692099673109478435e-1 -3.04925324010123380945995946771e-1
-3.69270710346439076388627493658e-1 -5.76627081853248070053714861796e-2
4.27689717267984528975563396173e-1 2.65263077636601868847690523111e-1
2.63058984818026517193816240072e-23 -6.99443663609173057050434106519e-23
96
4.27689717267985945036243082047e-1 2.65263077636599638467616375498e-1
1.62269311552687604931847073413e-1 -3.04925324010125831591379689575e-1
-3.69270710346434855268115073822e-1 -5.76627081853262153253362527564e-2
4.27689717267985733609204869244e-1 2.65263077636602731565033959637e-1
3.12530954161740819893488244195e-16 -1.63058295779250451776877053492e-15
0 0
2.829627554380235e+22
1
2.741334389984425e-03
3.375541767535245e-17
0
52
5
1.368355428781117e-01 7.113375148654623e-01
-6.343942190290733e-01 4.413516070164580e-02
-7.859502026529050e-02 -5.598315283226907e-01
-1.368355428781115e-01 -7.113375148654623e-01
1.665334536937735e-16 1.665334536937735e-16
52
1.368355428782211e-01 7.113375148652707e-01
-6.343942190292948e-01 4.413516070190227e-02
-7.859502026535431e-02 -5.598315283229536e-01
-1.368355428782562e-01 -7.113375148652781e-01
-2.886579864025407e-15 3.608224830031759e-16
0.000000000000000e+00 0.000000000000000e+00
3.149408199430464e+20
1
3.155980411419224e-01
1.457323799267991e-13
0
64
5
1.82711799658967472427e-1 1.11475574931821222414
-5.81540001686618740896e-1 -4.72355312500842179689e-1
2.43985038979206588671e-1 -2.90395973119537387751e-1
-1.82711799658967472427e-1 -1.11475574931821222403
2.71050543121376108502e-20 1.35525271560688054251e-20
64
1.82711799659082295834e-1 1.11475574931801874132
-5.81540001686814956769e-1 -4.72355312500631845986e-1
2.43985038979154377262e-1 -2.90395973119764334034e-1
-1.82711799659082254715e-1 -1.11475574931801869048
-6.64073830647371465830e-18 -2.97613496347270967135e-17
0 0
4.081191008436419e+23
1
2.346992464915756e-01
1.140596348861630e-15
0
52
5
5.795455438101482e-02 7.735501850053821e-01
-1.218670726438724e-01 1.845974045297273e-01
-5.088443586245568e-02 -4.410458091941450e-01
1.218670726438724e-01 -1.845974045297274e-01
-5.088443586245567e-02 -4.410458091941452e-01
52
5.795455438101704e-02 7.735501850053806e-01
-1.218670726438686e-01 1.845974045297264e-01
-5.088443586245894e-02 -4.410458091941439e-01
1.218670726438737e-01 -1.845974045297243e-01
-5.088443586245706e-02 -4.410458091941432e-01
0.000000000000000e+00 0.000000000000000e+00
2.273149740941795e+01
0
4.009123163705244e-02
0.000000000000000e+00
0
128
5
-3.526224444390800660024684579138072502462e-1 4.224651319146487128808282282397400824669e-1
-3.526224444390800660024689472440222790012e-1 4.224651319146487128808279521306408292455e-1
7.665733793863980373169383383983701762403e-25 8.824282321833565120337669332883081020561e-25
-1.244979775609207555608331141986561420667e-27 -3.125474556296704380297627736846551439411e-28
7.318040707867102753996930380761824674374e-1 -5.034696693874583762320927419513616894232e-1
128
-3.526224444405290304155745039938889966359e-1 4.224651319160988799197327050226739140156e-1
-3.526224444404930584485979131582479767490e-1 4.224651319186658005241444616623038753689e-1
1.902981837902875110247907817604355973368e-12 -5.234500231493172461506954411020552635842e-12
9.068361547346377048727475037820424196876e-13 4.704485194940371229700514637845288855422e-15
7.318040707835688288849469108624842136758e-1 -5.034696693918653376144101725112356811704e-1
0 0
4.942419984125068e+25
1
8.707735347004688e-03
5.558569107140373e-14
0
64
5
2.42922027240332765200e-3 8.80306640363540670007e-1
-4.20348026012143269212e-1 -1.30243086180352438705e-1
-5.85660427577742989238e-2 -3.37228937523188576110e-1
-2.42922027240332762490e-3 -8.80306640363540670062e-1
5.42101086242752217004e-20 2.03287907341032081376e-20
64
2.42922027240483707827e-3 8.80306640363539107455e-1
-4.20348026012145571732e-1 -1.30243086180350840428e-1
-5.85660427577743298777e-2 -3.37228937523190883238e-1
-2.42922027240483789142e-3 -8.80306640363539105992e-1
-4.72441096660558557119e-17 6.96599895821936598850e-18
0 0
3.585850093140043e+22
1
6.986990706006208e-02
6.663001916727413e-17
0
96
5
4.31089304177138177858849977204e-1 2.27862289085341784978350028269e-1
4.97933005098777174225908157334e-2 -3.17005581448974638393129241111e-1
-3.17437967934756534139448575391e-1 -1.10346447788576185443526052498e-1
4.31089304177138177858991255964e-1 2.27862289085341784978425198509e-1
-6.42709465726056378075375242191e-23 -3.33230734023986537783675138189e-23
96
4.31089304177139159545301864504e-1 2.27862289085349382739407432471e-1
4.97933005098993023962820599456e-2 -3.17005581448975299404858789150e-1
-3.17437967934765097346532607215e-1 -1.10346447788564187087070446062e-1
4.31089304177136775610640134797e-1 2.27862289085349116738021821847e-1
9.80992045305112286167014370789e-16 4.73812036136484424470462009376e-16
0 0
1.198960562919655e+22
1
1.523670124397979e-03
1.806425558106999e-18
0
52
5
-5.795857808607435e-01 3.391024760142366e-01
-6.943575504378793e-01 5.777789318440851e-01
1.147717695771356e-01 -2.386764558298484e-01
1.147717695771358e-01 -2.386764558298486e-01
6.943575504378794e-01 -5.777789318440850e-01
52
-5.795857808607433e-01 3.391024760142359e-01
-6.943575504378794e-01 5.777789318440845e-01
1.147717695771364e-01 -2.386764558298488e-01
1.147717695771369e-01 -2.386764558298478e-01
6.943575504378792e-01 -5.777789318440858e-01
0.000000000000000e+00 0.000000000000000e+00
5.730487841682286e+02
0
1.745052127545274e-03
0.000000000000000e+00
0
96
5
-7.23277572271094272437612046776e-1 1.67184925102182562464727157966
7.02379825101607991902906492013e-1 -9.20889057448380938878023600817e-1
-3.67117197391397127357072725937e-2 7.74200391012960971431304723622e-1
7.23277572271094272437612047660e-1 -1.67184925102182562464727157764
-4.18411824129224661590380831026e-27 -8.31143849740858038181797216382e-27
96
-7.23277572271094129982959782968e-1 1.67184925102182558238532792493
7.02379825101607999652508977322e-1 -9.20889057448380946039161850058e-1
-3.67117197391397017349990458888e-2 7.74200391012960977419265034699e-1
7.23277572271094174788122819684e-1 -1.67184925102182544515894637790
4.08893540076010276074956260194e-17 -1.65703555389364842905142357862e-17
0 0
2.402132150300993e+27
1
3.780608028619458e+00
1.262180301350675e-13
0
96
5
2.76495134528169024752721815054e-1 1.98137347613638346725007750161e-1
-4.73434024165483080250650441495e-2 1.47136377139258866362132409818e-1
-5.15650998075427504120094801199e-1 -3.48448872160859895143715615497e-1
2.76495134528169024752791143420e-1 1.98137347613638346725051281528e-1
-1.27646592815770603128782726161e-23 -8.22037239450986677900124221824e-24
96
2.76495134528164228217055009257e-1 1.98137347613638676458473119341e-1
-4.73434024165550488293190839348e-2 1.47136377139278838759703351212e-1
-5.15650998075434721035974659784e-1 -3.48448872160870834383884924434e-1
2.76495134528157797852771858173e-1 1.98137347613635774304276358509e-1
1.18308540516172605137445179468e-15 5.45319507133036544346328471762e-16
0 0
3.223876745478033e+23
1
5.660338121503065e-05
1.994841542060559e-17
0
96
5
9.54245054752173653322312397934e-1 1.91610119166441954737040336096e-1
-3.36333705202380519120104217643e-2 -1.89442663567513998087762658732
5.24042065334552909000081288832e-1 4.87127930181904449870981027391e-1
9.54245054752173653322312403462e-1 1.91610119166441954737040380948e-1
1.17508720441721918534131087085e-26 7.03979471819230935149426571658e-27
96
9.54245054752173632088921333865e-1 1.91610119166441954236551870257e-1
-3.36333705202380989740672835068e-2 -1.89442663567513990772910082075
5.24042065334552922874146929848e-1 4.87127930181904376123132249571e-1
9.54245054752173641382294817674e-1 1.91610119166441953095117520963e-1
-1.90327956359963513946094358204e-17 -4.10453419993965578222029227217e-17
0 0
9.394794467476112e+27
1
1.041036425885042e+01
1.530326646512384e-13
0
96
5
-9.23030108096485467931927501047e-2 1.54707911584936016869741819318
-1.19925263607704370793170067488e-1 -9.37326985354904123787219945654e-1
3.46828097119703159305799780877e-1 2.29946482324590016875284312111e-1
9.23030108096485467931927486958e-2 -1.54707911584936016869741819091
-5.41221689854031779456878734069e-26 1.29373188456245936087523484706e-27
96
-9.23030108096485518289542206698e-2 1.54707911584936018522222295417
-1.19925263607704388714082094696e-1 -9.37326985354904130767675795585e-1
3.46828097119703178394732466425e-1 2.29946482324590019551405882283e-1
9.23030108096485304661122748525e-2 -1.54707911584936019328868564146
9.82918736292531274071940438165e-18 -3.19618499691203286700769483021e-18
0 0
3.137339836650702e+26
1
2.533559602561581e+00
3.745889901119481e-15
0
96
5
3.09259206493499673622011093626e-1 1.60260282026457347087070922768e-1
-1.59808114705610688034580811668e-1 4.65929553151975041016626957027e-2
-4.18530700082991670115777765301e-1 -3.65224525182233215534878278463e-1
3.09259206493499673621965449087e-1 1.60260282026457347087124131546e-1
7.12878453918848125123915199258e-24 -1.29395560551518003982324961328e-23
96
3.09259206493500931328768495789e-1 1.60260282026457719943541585955e-1
-1.59808114705609806625137696377e-1 4.65929553151910671073751855697e-2
-4.18530700082989004560281144543e-1 -3.65224525182230133457789530523e-1
3.09259206493502520157450248644e-1 1.60260282026456461058933078792e-1
-2.72765101794544162301697218771e-16 3.26029539621377115509563452859e-16
0 0
2.890411546019258e+23
1
9.175561556858932e-05
5.397591767627596e-18
0
160
5
3.2559241805720097483320649333896671889989097834199e-1 2.1305408981072630145880941543565925657050565399810e-1
3.9179111103833549660088466079509300822478931393265e-30 -4.6077889180545820213468150982988671999393205201480e-30
-4.5953290109815033572110458639005217646250817475095e-1 -2.6449507370658865502040474778643466167444939914532e-1
3.2559241805720097483320649334836438404453096578241e-1 2.1305408981072630145880941542071982435565391076871e-1
-1.3702888295573793180209427874986594935426105308712e-29 2.2770789746173778687111079025826418671466968793403e-29
160
3.2559241805788347638777965098039578202299760547895e-1 2.1305408981187702874779141800312116205306789210570e-1
1.6911841961210630737910470149800049150693546224279e-12 4.7657184462771081584867216453759237171862313832933e-13
-4.5953290109453075136626636161985618510039753681035e-1 -2.6449507370657646671498613501336189052946459990475e-1
3.2559241805764407707715380882444196983583838894635e-1 2.1305408981566397883567398896209718618438147496121e-1
2.5847970765323494913839894674349844692307015577733e-13 -5.7317401163277453995521341335403259068715443608351e-12
0 0
4.592307718313379e+29
2
8.011244248643679e-04
5.872402488158601e-14
0
64
5
6.62164276034568596461e-1 4.43174653481512757444e-1
-4.93397342797483531721e-1 -1.25816753724763071367e-1
-2.82083222287213332923e-1 -2.73414313379083216606e-1
-4.93397342797483531748e-1 -1.25816753724763071286e-1
2.82083222287213332923e-1 2.73414313379083216633e-1
64
6.62164276034575979011e-1 4.43174653481619258190e-1
-4.93397342797615852579e-1 -1.25816753724942232578e-1
-2.82083222287030652419e-1 -2.73414313379093915432e-1
-4.93397342797477615474e-1 -1.25816753724974926762e-1
2.82083222287177698287e-1 2.73414313379069361153e-1
0 0
6.665721057267931e+02
0
1.500212792297475e-03
0.000000000000000e+00
0
160
5
3.2559241805720097483320649333896671889989097834199e-1 2.1305408981072630145880941543565925657050565399810e-1
3.9179111103833549660088466079509300822478931393265e-30 -4.6077889180545820213468150982988671999393205201480e-30
-4.5953290109815033572110458639005217646250817475095e-1 -2.6449507370658865502040474778643466167444939914532e-1
3.2559241805720097483320649334836438404453096578241e-1 2.1305408981072630145880941542071982435565391076871e-1
-1.3702888295573793180209427874986594935426105308712e-29 2.2770789746173778687111079025826418671466968793403e-29
160
3.2559241805721103262573548386927305143497051537809e-1 2.1305408981181651887435533106464903106580245743108e-1
1.5050869980889454203440562781383141930646576090261e-12 2.5879447788075648085845547133635520419089362326355e-12
-4.5953290109543407042302198670342201395097828380535e-1 -2.6449507370764265204281390140977310229669335313213e-1
3.2559241805706161377939743559497457526235989988405e-1 2.1305408981571656785697530356211061584064544194806e-1
1.4201966285552699865784248830251961673482146179339e-13 -5.8859477827496551041111250438016060364934712416034e-12
0 0
4.592307718313379e+29
2
8.011244248643679e-04
6.226823586151900e-14
0
128
5
-3.526224444390800660024684579138072502462e-1 4.224651319146487128808282282397400824669e-1
-3.526224444390800660024689472440222790012e-1 4.224651319146487128808279521306408292455e-1
7.665733793863980373169383383983701762403e-25 8.824282321833565120337669332883081020561e-25
-1.244979775609207555608331141986561420667e-27 -3.125474556296704380297627736846551439411e-28
7.318040707867102753996930380761824674374e-1 -5.034696693874583762320927419513616894232e-1
128
-3.526224444408029338658574274573620928312e-1 4.224651319168164082721728942773480981643e-1
-3.526224444406967422222064187521944438456e-1 4.224651319192820505527822789629229787531e-1
1.689041810847776911219249601637968189777e-12 -5.051000025917756648355420097519941392328e-12
-4.261167820215477640045522715897592662113e-13 -7.430282456449791391139498179945084958163e-13
7.318040707841916322984444038516413882970e-1 -5.034696693915782607436858897694446519087e-1
0 0
4.942419984125068e+25
1
8.707735346862531e-03
6.827245656227415e-14
0
160
5
3.2559241805720097483320649333896671889989097834199e-1 2.1305408981072630145880941543565925657050565399810e-1
3.9179111103833549660088466079509300822478931393265e-30 -4.6077889180545820213468150982988671999393205201480e-30
-4.5953290109815033572110458639005217646250817475095e-1 -2.6449507370658865502040474778643466167444939914532e-1
3.2559241805720097483320649334836438404453096578241e-1 2.1305408981072630145880941542071982435565391076871e-1
-1.3702888295573793180209427874986594935426105308712e-29 2.2770789746173778687111079025826418671466968793403e-29
160
3.2559241805830697225713687480467134070733716334633e-1 2.1305408981136275046449608967615198481509881002521e-1
5.7708523254884910491027761937293053027792674268771e-14 -8.5341065655984739152993738171436190122911563996133e-13
-4.5953290109314373570383688427748564898589136643706e-1 -2.6449507370673007076249205319262961275355716627421e-1
3.2559241805792836687743157924718921210109098413656e-1 2.1305408981515388148705293734021097831357458404178e-1
4.4497707218477962005617576200107436733759550858419e-13 -5.7492230945451672581380622649247144240958067031251e-12
0 0
4.592307718313379e+29
2
8.011244248643679e-04
5.761541967650559e-14
0
64
5
3.16415501264493166298e-1 7.75634995471925159588e-1
-8.41172969811583807781e-1 -8.52264420865343395005e-2
1.01868744098091683055e-1 -6.39961481497251225275e-1
-3.16415501264493166298e-1 -7.75634995471925159534e-1
2.71050543121376108502e-20 0
64
3.16415501264539245351e-1 7.75634995471987617602e-1
-8.41172969811624255841e-1 -8.52264420866250440169e-2
1.01868744098170826697e-1 -6.39961481497237248770e-1
-3.16415501264539206726e-1 -7.75634995471987617928e-1
3.67002435386343250912e-17 2.92599061299525509128e-17
0 0
6.489733966288155e+22
1
8.710452874615565e-01
2.985975647137935e-15
0
52
5
-5.692770859526697e-02 5.634356689398539e-01
-4.327276901078858e-01 2.818110927054489e-01
-3.294130881715102e-01 -5.321987885836721e-01
5.692770859526686e-02 -5.634356689398538e-01
1.110223024625157e-16 5.551115123125783e-17
52
-5.692770859532004e-02 5.634356689398722e-01
-4.327276901077962e-01 2.818110927056091e-01
-3.294130881716164e-01 -5.321987885837121e-01
5.692770859524907e-02 -5.634356689398050e-01
-2.342570581959080e-14 -2.306488333658763e-14
0.000000000000000e+00 0.000000000000000e+00
1.503254116325772e+20
1
5.360926943368316e-02
1.925093767491636e-13
0
128
5
-3.526224444390800660024684579138072502462e-1 4.224651319146487128808282282397400824669e-1
-3.526224444390800660024689472440222790012e-1 4.224651319146487128808279521306408292455e-1
7.665733793863980373169383383983701762403e-25 8.824282321833565120337669332883081020561e-25
-1.244979775609207555608331141986561420667e-27 -3.125474556296704380297627736846551439411e-28
7.318040707867102753996930380761824674374e-1 -5.034696693874583762320927419513616894232e-1
128
-3.526224444400618709240977502571850730200e-1 4.224651319167069210622350074550604238480e-1
-3.526224444400881077124719537742972061421e-1 4.224651319191455856996874411728504593366e-1
1.954485008276754220090577897752427875592e-12 -4.964320888380719352729084344160753722905e-12
-4.137378956396558935145560557967368881018e-13 7.265961153297405594768409133082927161615e-13
7.318040707841261648811279110787704121812e-1 -5.034696693922381808238813613547767138368e-1
0 0
4.942419984125068e+25
1
8.707735346876541e-03
6.733457308468796e-14
0
