52
5
4.531846864259921e-02 5.135996828408845e-04
-6.539268544591701e-01 8.336624540328950e-01
-6.209659491209809e-01 -9.376356827739214e-01
4.531846864259925e-02 5.135996828408793e-04
-3.469446951953614e-18 -1.387778780781446e-17
52
4.531846864285476e-02 5.135996826924200e-04
-6.539268544593676e-01 8.336624540325869e-01
-6.209659491207570e-01 -9.376356827739311e-01
4.531846864264211e-02 5.135996829670180e-04
4.753142324176451e-16 -7.632783294297951e-16
0.000000000000000e+00 0.000000000000000e+00
4.684239327714446e+03
0
2.134818334501974e-04
0.000000000000000e+00
0
52
5
-3.590196914107513e-02 3.842518204703828e-02
-6.023620389750657e-01 9.319290211053251e-01
-6.887439926110311e-01 -9.405187877206823e-01
3.590196914107514e-02 -3.842518204703829e-02
-1.387778780781446e-17 3.469446951953614e-18
52
-3.590196914133051e-02 3.842518204718686e-02
-6.023620389748681e-01 9.319290211056329e-01
-6.887439926112550e-01 -9.405187877206725e-01
3.590196914103218e-02 -3.842518204716437e-02
-4.857225732735060e-16 7.684824998577255e-16
0.000000000000000e+00 0.000000000000000e+00
7.799089643886776e+03
0
1.282200930699442e-04
0.000000000000000e+00
0
