2
0
0
52
8.030164757718836e-01 -7.236898496773535e-02
-7.236898496773533e-02 -8.030164757718836e-01
5.551115123125783e-17
2.777601060296743e+00
1.017357480874738e-16
3.906250000000000e-04
8.373920296122101e-14
0.000000000000000e+00
1
1
1
52
4.570082403947179e-01 7.578937456548188e-01
-7.578937456548188e-01 4.570082403947179e-01
0.000000000000000e+00
3.337609113855569e+00
7.383284061245577e-17
3.906250000000000e-04
8.550809515618228e-14
0.000000000000000e+00
1
1
-1

2 0
1 2
4546853858622610747763965831349916133046448717191416103978352810941532934533844716281407664813805134771822469822189947650542074288365039544548060795818992554174449522827679570740868790898068307655672945742567220142087051517610191978806031013672292864019039524612863668081887099669670453281510785637023312567011/5000000000000000000000000000000000000000000000000000000000000000000000000000000000000000000000000000000000000000000000000000000000000000000000000000000000000000000000000000000000000000000000000000000000000000000000000000000000000000000000000000000000000000000000000000000000000000000000000000000000000000000000 -2140726843816616298179450253741601378624737009661067537541406297755941950846889693197195920281606063172586309743979781267247543856626615655669438565204210724975157224285454507454729683300038928245963325013199562350683260546864042395263361167064371535348837525182954903688820076244546654703942927064960582531547/5000000000000000000000000000000000000000000000000000000000000000000000000000000000000000000000000000000000000000000000000000000000000000000000000000000000000000000000000000000000000000000000000000000000000000000000000000000000000000000000000000000000000000000000000000000000000000000000000000000000000000000000
-5394698123054749666057935945626923984161982772786347972565694903740047217233154491098604492268655862751584980520470066416376168825119974433340578445469843010249728006035426855854971803123951819381499080138209717930045955344191819339570950138049553198658927116570564643357471232063508005705831150927949894300001/10000000000000000000000000000000000000000000000000000000000000000000000000000000000000000000000000000000000000000000000000000000000000000000000000000000000000000000000000000000000000000000000000000000000000000000000000000000000000000000000000000000000000000000000000000000000000000000000000000000000000000000000 3259009729370934460277965628190609390933990907039185003891513887517920808086684813717674318620851765698616736968685505958806763550147902742413869671115000548728018384825397277351877120731205672213047147374067762763576924878225744292578688552877339241237275249623683121205872273767256549468876320007319673340819/10000000000000000000000000000000000000000000000000000000000000000000000000000000000000000000000000000000000000000000000000000000000000000000000000000000000000000000000000000000000000000000000000000000000000000000000000000000000000000000000000000000000000000000000000000000000000000000000000000000000000000000000

0
1159030440137410042420974089121033204364943159246391935279619547883283759497323987452341953831216719080272475349819129717464083956887552002927818285997210641823056848836066885076087057510676636266933538725572990168372302689089389721459964849028989598168939390561762526223947273907510316263988680711079018240067/1250000000000000000000000000000000000000000000000000000000000000000000000000000000000000000000000000000000000000000000000000000000000000000000000000000000000000000000000000000000000000000000000000000000000000000000000000000000000000000000000000000000000000000000000000000000000000000000000000000000000000000000 -2612108553920172167515902057635974689589201380596829217438140734047125798937091242842576837577001804983088775646722088919342430360114331497900827242661919705357033909068048705881381405605419388151627847053279618087640533869398883096286088043461677663817356472098055128891120434457678832613445160062829089940203/50000000000000000000000000000000000000000000000000000000000000000000000000000000000000000000000000000000000000000000000000000000000000000000000000000000000000000000000000000000000000000000000000000000000000000000000000000000000000000000000000000000000000000000000000000000000000000000000000000000000000000000000
2 2
1 0
0 0
0 0
1 0

2 0

1 0

