20

-1.817504964059113e-01 -6.256042771980558e-01
0.000000000000000e+00 0.000000000000000e+00
0.000000000000000e+00 0.000000000000000e+00

1.383024560006764e-02 -8.235356199867654e-01
0.000000000000000e+00 0.000000000000000e+00
0.000000000000000e+00 0.000000000000000e+00

7.844834471670367e-01 -1.060318058764061e+00
0.000000000000000e+00 0.000000000000000e+00
0.000000000000000e+00 0.000000000000000e+00

-3.070489649809033e-01 -4.197830432763279e-01
0.000000000000000e+00 0.000000000000000e+00
0.000000000000000e+00 0.000000000000000e+00

-2.990443358164802e-01 -4.364722006150574e-01
0.000000000000000e+00 0.000000000000000e+00
0.000000000000000e+00 0.000000000000000e+00

-7.004548838562723e-02 -7.505012294897003e-01
0.000000000000000e+00 0.000000000000000e+00
0.000000000000000e+00 0.000000000000000e+00

-4.130040569684906e-01 4.028547305295688e-02
0.000000000000000e+00 0.000000000000000e+00
0.000000000000000e+00 0.000000000000000e+00

-4.082580861751707e-01 -4.839716142472122e-02
0.000000000000000e+00 0.000000000000000e+00
0.000000000000000e+00 0.000000000000000e+00

-4.096959736652719e-01 1.430203933525074e-01
0.000000000000000e+00 0.000000000000000e+00
0.000000000000000e+00 0.000000000000000e+00

-1.243680144611303e-01 -6.944532483260756e-01
0.000000000000000e+00 0.000000000000000e+00
0.000000000000000e+00 0.000000000000000e+00

-1.729916278055096e-01 -6.368639180250855e-01
0.000000000000000e+00 0.000000000000000e+00
0.000000000000000e+00 0.000000000000000e+00

1.305155267519193e+00 1.000297249361057e+00
0.000000000000000e+00 0.000000000000000e+00
0.000000000000000e+00 0.000000000000000e+00

-4.047155428387720e-01 1.924792051222664e-01
0.000000000000000e+00 0.000000000000000e+00
0.000000000000000e+00 0.000000000000000e+00

7.110143821093010e-02 -8.657237824769874e-01
0.000000000000000e+00 0.000000000000000e+00
0.000000000000000e+00 0.000000000000000e+00

-1.578402373213104e-01 -6.556661120288386e-01
0.000000000000000e+00 0.000000000000000e+00
0.000000000000000e+00 0.000000000000000e+00

3.367914247025834e-01 1.111904461910235e+00
0.000000000000000e+00 0.000000000000000e+00
0.000000000000000e+00 0.000000000000000e+00

5.948838254733839e-02 -8.576170688644237e-01
0.000000000000000e+00 0.000000000000000e+00
0.000000000000000e+00 0.000000000000000e+00

-4.743777961116197e-02 -7.716598699041805e-01
0.000000000000000e+00 0.000000000000000e+00
0.000000000000000e+00 0.000000000000000e+00

1.340116930450832e-01 -9.060210178413498e-01
0.000000000000000e+00 0.000000000000000e+00
0.000000000000000e+00 0.000000000000000e+00

1.372191053270067e+00 9.542532358919974e-01
0.000000000000000e+00 0.000000000000000e+00
0.000000000000000e+00 0.000000000000000e+00

