4
1
2
1
52
-3.699786391880262e+00 -2.443164444912149e+00
-1.320756875328215e+00 -3.132276995521723e-01
-0.000000000000000e+00 0.000000000000000e+00
-2.920910928881303e-16 -8.280797523905061e-17
52
-3.699786391880247e+00 -2.443164444912142e+00
-1.320756875328208e+00 -3.132276995521678e-01
1.708213581915927e-15 2.267234090348860e-15
-3.350402685779507e-15 -1.172862923965585e-16
3.908584804829912e+00
0
2.558470776338999e-01
0.000000000000000e+00
10
1
0
0
-1

0
2 0

4
9.794921622335788e-01 5.171558382077284e-309
6.290650901863450e-02 2.301707417470559e-02
1.093628446162010e-02 -7.229613112093773e-02
7.502596217214988e-02 6.800752813735933e-02

0.000000000000000e+00 0.000000000000000e+00
1 4
1.180895867668331e-01 -2.247468382514752e-01
-6.144781544036214e-01 5.568584245484007e-01
7.293243561199532e-01 5.361518717435692e-01
-1.177318743733967e+00 4.306093597370996e-01

4
-2.186700456783338e-01 3.128324324840786e-01
3.050410404451137e-01 -5.441679787309787e-01
-3.076249838436487e-01 2.427723504088631e-01
-5.576121131768197e-01 2.544879776661431e-02

