100

3.991720663156721e-01 1.202141366937298e-02
-0.000000000000000e+00 0.000000000000000e+00
-0.000000000000000e+00 0.000000000000000e+00

4.310851524209244e-01 -4.521910451446542e-02
-0.000000000000000e+00 0.000000000000000e+00
-0.000000000000000e+00 0.000000000000000e+00

4.247619080774281e-01 -3.269286248927228e-02
-0.000000000000000e+00 0.000000000000000e+00
-0.000000000000000e+00 0.000000000000000e+00

4.014124645872005e-01 8.428349498983356e-03
-0.000000000000000e+00 0.000000000000000e+00
-0.000000000000000e+00 0.000000000000000e+00

1.821814767821311e-01 2.211699197491956e-01
-0.000000000000000e+00 0.000000000000000e+00
-0.000000000000000e+00 0.000000000000000e+00

3.155757847969574e-01 1.178144532656812e-01
-0.000000000000000e+00 0.000000000000000e+00
-0.000000000000000e+00 0.000000000000000e+00

3.620147673180035e-01 6.490113474453686e-02
-0.000000000000000e+00 0.000000000000000e+00
-0.000000000000000e+00 0.000000000000000e+00

4.939758876504186e-01 -3.602235748375721e-01
0.000000000000000e+00 -0.000000000000000e+00
0.000000000000000e+00 -0.000000000000000e+00

4.808638041800545e-01 -1.880951349382550e-01
0.000000000000000e+00 -0.000000000000000e+00
0.000000000000000e+00 -0.000000000000000e+00

-2.015330724774001e-01 3.013411360481675e-01
-0.000000000000000e+00 0.000000000000000e+00
-0.000000000000000e+00 0.000000000000000e+00

3.684964570148089e-01 5.647382134667668e-02
-0.000000000000000e+00 0.000000000000000e+00
-0.000000000000000e+00 0.000000000000000e+00

2.959054242192729e-01 1.369779345165826e-01
-0.000000000000000e+00 0.000000000000000e+00
-0.000000000000000e+00 0.000000000000000e+00

4.136120642165163e-01 -1.215296991053014e-02
-0.000000000000000e+00 0.000000000000000e+00
-0.000000000000000e+00 0.000000000000000e+00

4.715674841787970e-01 -1.508866736016645e-01
-0.000000000000000e+00 0.000000000000000e+00
-0.000000000000000e+00 0.000000000000000e+00

4.580264453694093e-01 -1.087279245292600e-01
-0.000000000000000e+00 0.000000000000000e+00
-0.000000000000000e+00 0.000000000000000e+00

4.662122656409240e-01 -5.096309630420178e-01
0.000000000000000e+00 -0.000000000000000e+00
0.000000000000000e+00 -0.000000000000000e+00

4.021365589784156e-01 7.255406277346721e-03
-0.000000000000000e+00 0.000000000000000e+00
-0.000000000000000e+00 0.000000000000000e+00

3.071293043772462e-01 1.262497645373790e-01
-0.000000000000000e+00 0.000000000000000e+00
-0.000000000000000e+00 0.000000000000000e+00

2.588386859443950e-01 1.689263191672556e-01
-0.000000000000000e+00 0.000000000000000e+00
-0.000000000000000e+00 0.000000000000000e+00

3.924411026432371e-01 2.250271470905593e-02
-0.000000000000000e+00 0.000000000000000e+00
-0.000000000000000e+00 0.000000000000000e+00

4.888675013353611e-01 -2.325380100203950e-01
0.000000000000000e+00 -0.000000000000000e+00
0.000000000000000e+00 -0.000000000000000e+00

4.556482277897870e-01 -1.022457040195996e-01
-0.000000000000000e+00 0.000000000000000e+00
-0.000000000000000e+00 0.000000000000000e+00

4.466038058172241e-01 -7.938691438794170e-02
-0.000000000000000e+00 0.000000000000000e+00
-0.000000000000000e+00 0.000000000000000e+00

3.096452272745502e-01 1.237706502835362e-01
-0.000000000000000e+00 0.000000000000000e+00
-0.000000000000000e+00 0.000000000000000e+00

4.755353344273497e-01 -4.769880294427003e-01
0.000000000000000e+00 -0.000000000000000e+00
0.000000000000000e+00 -0.000000000000000e+00

4.659870282171996e-01 -1.322518455681125e-01
-0.000000000000000e+00 0.000000000000000e+00
-0.000000000000000e+00 0.000000000000000e+00

4.376390621815802e-01 -5.836027431271394e-01
0.000000000000000e+00 -0.000000000000000e+00
0.000000000000000e+00 -0.000000000000000e+00

4.797525981143095e-01 -1.830863810825595e-01
0.000000000000000e+00 -0.000000000000000e+00
0.000000000000000e+00 -0.000000000000000e+00

4.709470442417917e-01 -1.487064746285186e-01
-0.000000000000000e+00 0.000000000000000e+00
-0.000000000000000e+00 0.000000000000000e+00

-3.795068420802193e-01 2.540610678450579e-01
-0.000000000000000e+00 0.000000000000000e+00
-0.000000000000000e+00 0.000000000000000e+00

4.369119152230986e-01 -5.742156780059957e-02
-0.000000000000000e+00 0.000000000000000e+00
-0.000000000000000e+00 0.000000000000000e+00

4.951484728425368e-01 -3.144254925700213e-01
0.000000000000000e+00 -0.000000000000000e+00
0.000000000000000e+00 -0.000000000000000e+00

4.742663222476919e-01 -1.607422145310956e-01
-0.000000000000000e+00 0.000000000000000e+00
-0.000000000000000e+00 0.000000000000000e+00

4.768492528104452e-01 -1.708229335634472e-01
-0.000000000000000e+00 0.000000000000000e+00
-0.000000000000000e+00 0.000000000000000e+00

4.942083018722108e-01 -2.863057765253985e-01
0.000000000000000e+00 -0.000000000000000e+00
0.000000000000000e+00 -0.000000000000000e+00

1.047790505602460e-01 -9.016624852887435e-01
0.000000000000000e+00 -0.000000000000000e+00
0.000000000000000e+00 -0.000000000000000e+00

3.756522237233336e-01 4.681364517964967e-02
-0.000000000000000e+00 0.000000000000000e+00
-0.000000000000000e+00 0.000000000000000e+00

3.260737627984152e-01 1.068667314000217e-01
-0.000000000000000e+00 0.000000000000000e+00
-0.000000000000000e+00 0.000000000000000e+00

4.867491131263322e-01 -2.188199735810237e-01
0.000000000000000e+00 -0.000000000000000e+00
0.000000000000000e+00 -0.000000000000000e+00

-2.157859561726333e-01 2.995698646150706e-01
-0.000000000000000e+00 0.000000000000000e+00
-0.000000000000000e+00 0.000000000000000e+00

3.986870958125673e-01 1.279212484388803e-02
-0.000000000000000e+00 0.000000000000000e+00
-0.000000000000000e+00 0.000000000000000e+00

4.951633880203029e-01 -3.159555964659833e-01
0.000000000000000e+00 -0.000000000000000e+00
0.000000000000000e+00 -0.000000000000000e+00

4.046069803085649e-01 3.209566150377541e-03
-0.000000000000000e+00 0.000000000000000e+00
-0.000000000000000e+00 0.000000000000000e+00

4.064775555745919e-01 9.959039411447379e-05
-0.000000000000000e+00 0.000000000000000e+00
-0.000000000000000e+00 0.000000000000000e+00

2.422093216043233e-01 1.817148245569600e-01
-0.000000000000000e+00 0.000000000000000e+00
-0.000000000000000e+00 0.000000000000000e+00

2.315363415858808e-01 1.894689271041222e-01
-0.000000000000000e+00 0.000000000000000e+00
-0.000000000000000e+00 0.000000000000000e+00

3.613259966214353e-01 -7.083755211924797e-01
0.000000000000000e+00 -0.000000000000000e+00
0.000000000000000e+00 -0.000000000000000e+00

4.285362462702447e-01 -4.008551972364474e-02
-0.000000000000000e+00 0.000000000000000e+00
-0.000000000000000e+00 0.000000000000000e+00

3.518013335839871e-01 7.760574569017821e-02
-0.000000000000000e+00 0.000000000000000e+00
-0.000000000000000e+00 0.000000000000000e+00

4.487392412487355e-01 -8.455368483290969e-02
-0.000000000000000e+00 0.000000000000000e+00
-0.000000000000000e+00 0.000000000000000e+00

5.842373452836416e-02 -9.184325137767831e-01
-0.000000000000000e+00 0.000000000000000e+00
-0.000000000000000e+00 0.000000000000000e+00

2.712962162198768e-01 1.587458401942297e-01
-0.000000000000000e+00 0.000000000000000e+00
-0.000000000000000e+00 0.000000000000000e+00

4.306026365145603e-01 -4.423820249175148e-02
-0.000000000000000e+00 0.000000000000000e+00
-0.000000000000000e+00 0.000000000000000e+00

4.733885448806430e-01 -1.574668221316108e-01
-0.000000000000000e+00 0.000000000000000e+00
-0.000000000000000e+00 0.000000000000000e+00

3.611958489158500e-01 6.594510156347283e-02
-0.000000000000000e+00 0.000000000000000e+00
-0.000000000000000e+00 0.000000000000000e+00

4.484615838095820e-01 -8.387443588764837e-02
-0.000000000000000e+00 0.000000000000000e+00
-0.000000000000000e+00 0.000000000000000e+00

4.090768354916291e-01 -4.290884424919650e-03
-0.000000000000000e+00 0.000000000000000e+00
-0.000000000000000e+00 0.000000000000000e+00

3.526670478643567e-01 7.655478092841024e-02
-0.000000000000000e+00 0.000000000000000e+00
-0.000000000000000e+00 0.000000000000000e+00

4.476442183113839e-01 -8.188792459393317e-02
-0.000000000000000e+00 0.000000000000000e+00
-0.000000000000000e+00 0.000000000000000e+00

4.891125370375554e-01 -4.083285109586555e-01
0.000000000000000e+00 -0.000000000000000e+00
0.000000000000000e+00 -0.000000000000000e+00

4.630603577144402e-01 -1.232410835247393e-01
-0.000000000000000e+00 0.000000000000000e+00
-0.000000000000000e+00 0.000000000000000e+00

4.410642035553564e-01 -6.655496819509589e-02
-0.000000000000000e+00 0.000000000000000e+00
-0.000000000000000e+00 0.000000000000000e+00

4.351476692494585e-01 -5.365474439569262e-02
-0.000000000000000e+00 0.000000000000000e+00
-0.000000000000000e+00 0.000000000000000e+00

4.298689441072886e-01 -4.275490731872103e-02
-0.000000000000000e+00 0.000000000000000e+00
-0.000000000000000e+00 0.000000000000000e+00

4.692480564270587e-01 -1.428836534244078e-01
-0.000000000000000e+00 0.000000000000000e+00
-0.000000000000000e+00 0.000000000000000e+00

4.670058163157331e-01 -1.355018570920260e-01
-0.000000000000000e+00 0.000000000000000e+00
-0.000000000000000e+00 0.000000000000000e+00

4.048858396367067e-01 2.748518997655658e-03
-0.000000000000000e+00 0.000000000000000e+00
-0.000000000000000e+00 0.000000000000000e+00

3.714181789003521e-01 5.257623874941950e-02
-0.000000000000000e+00 0.000000000000000e+00
-0.000000000000000e+00 0.000000000000000e+00

4.032679760511100e-01 5.411007480679991e-03
-0.000000000000000e+00 0.000000000000000e+00
-0.000000000000000e+00 0.000000000000000e+00

4.439494650676611e-01 -7.314014742744847e-02
-0.000000000000000e+00 0.000000000000000e+00
-0.000000000000000e+00 0.000000000000000e+00

3.941990841926583e-01 1.980911728291174e-02
-0.000000000000000e+00 0.000000000000000e+00
-0.000000000000000e+00 0.000000000000000e+00

-6.583566861233567e-01 1.768119215884040e-02
-0.000000000000000e+00 0.000000000000000e+00
-0.000000000000000e+00 0.000000000000000e+00

2.535958713093736e-01 1.730543068662090e-01
-0.000000000000000e+00 0.000000000000000e+00
-0.000000000000000e+00 0.000000000000000e+00

-2.262701043139626e-01 -9.406504144528826e-01
-0.000000000000000e+00 0.000000000000000e+00
-0.000000000000000e+00 0.000000000000000e+00

3.046516430512325e-01 -7.712601100728396e-01
0.000000000000000e+00 -0.000000000000000e+00
0.000000000000000e+00 -0.000000000000000e+00

4.928160510414208e-01 -2.668507776447445e-01
0.000000000000000e+00 -0.000000000000000e+00
0.000000000000000e+00 -0.000000000000000e+00

4.638974105972163e-01 -1.257713609991949e-01
-0.000000000000000e+00 0.000000000000000e+00
-0.000000000000000e+00 0.000000000000000e+00

4.110127284757308e-01 -7.614741558428811e-03
-0.000000000000000e+00 0.000000000000000e+00
-0.000000000000000e+00 0.000000000000000e+00

4.798488457284932e-01 -1.835126594881384e-01
0.000000000000000e+00 -0.000000000000000e+00
0.000000000000000e+00 -0.000000000000000e+00

3.872457385385867e-01 3.029116362825210e-02
-0.000000000000000e+00 0.000000000000000e+00
-0.000000000000000e+00 0.000000000000000e+00

4.950893948107329e-01 -3.323097153031720e-01
0.000000000000000e+00 -0.000000000000000e+00
0.000000000000000e+00 -0.000000000000000e+00

8.954096724109288e-02 2.650366062750416e-01
-0.000000000000000e+00 0.000000000000000e+00
-0.000000000000000e+00 0.000000000000000e+00

-2.603265171663227e-02 2.963579736528771e-01
-0.000000000000000e+00 0.000000000000000e+00
-0.000000000000000e+00 0.000000000000000e+00

4.538378324239926e-01 -5.451421228674559e-01
0.000000000000000e+00 -0.000000000000000e+00
0.000000000000000e+00 -0.000000000000000e+00

3.417205074951112e-01 -7.321076418667888e-01
0.000000000000000e+00 -0.000000000000000e+00
0.000000000000000e+00 -0.000000000000000e+00

4.607049747417573e-01 -1.163069832098340e-01
-0.000000000000000e+00 0.000000000000000e+00
-0.000000000000000e+00 0.000000000000000e+00

3.013842777458766e-01 1.318075303773096e-01
-0.000000000000000e+00 0.000000000000000e+00
-0.000000000000000e+00 0.000000000000000e+00

3.038588731480961e-01 1.294309750801356e-01
-0.000000000000000e+00 0.000000000000000e+00
-0.000000000000000e+00 0.000000000000000e+00

-6.777241229178297e-01 -1.450839756991407e-02
-0.000000000000000e+00 0.000000000000000e+00
-0.000000000000000e+00 0.000000000000000e+00

3.954327905668306e-01 1.790060695771920e-02
-0.000000000000000e+00 0.000000000000000e+00
-0.000000000000000e+00 0.000000000000000e+00

2.067825448522134e-01 -8.487805213357418e-01
0.000000000000000e+00 -0.000000000000000e+00
0.000000000000000e+00 -0.000000000000000e+00

4.292906413299461e-01 -4.159266079575144e-02
-0.000000000000000e+00 0.000000000000000e+00
-0.000000000000000e+00 0.000000000000000e+00

-6.254035990200264e-01 6.412547491045889e-02
-0.000000000000000e+00 0.000000000000000e+00
-0.000000000000000e+00 0.000000000000000e+00

-1.050609758195188e-01 3.047260149965554e-01
-0.000000000000000e+00 0.000000000000000e+00
-0.000000000000000e+00 0.000000000000000e+00

3.638113116118480e-01 6.259481356260441e-02
-0.000000000000000e+00 0.000000000000000e+00
-0.000000000000000e+00 0.000000000000000e+00

4.919946985526869e-01 -2.581377772262110e-01
0.000000000000000e+00 -0.000000000000000e+00
0.000000000000000e+00 -0.000000000000000e+00

4.609949210413244e-01 -1.171463880858942e-01
-0.000000000000000e+00 0.000000000000000e+00
-0.000000000000000e+00 0.000000000000000e+00

3.435831880266201e-01 8.735656762549625e-02
-0.000000000000000e+00 0.000000000000000e+00
-0.000000000000000e+00 0.000000000000000e+00

4.652763771896066e-01 -1.300207182242762e-01
-0.000000000000000e+00 0.000000000000000e+00
-0.000000000000000e+00 0.000000000000000e+00

-1.999978568799479e-01 3.015121654572392e-01
-0.000000000000000e+00 0.000000000000000e+00
-0.000000000000000e+00 0.000000000000000e+00

