0
1.577814600810250e+00 -1.142115635923661e+00
-2.656529505156735e+00 2.399301739745538e-01
8.759873240689402e-01 -2.400950319500962e+00
-7.842147240658534e-01 -1.196785621293763e+00

0
2.260732618035639e+00 -6.816487379620901e-01
-2.832151272347706e+00 -9.869082693554554e-01
2.409275569889777e+00 -2.393002444051614e+00
-8.077127331517309e-01 -1.769568835275910e+00

1
9.428315746868997e-01 -4.160750353948923e-01
5.316521306431896e-01 -3.398116244206886e-01
-9.205241078018639e-01 2.894126386500383e-01
-1.147001485997882e-01 -4.776297588102645e-01

1
1.218365273621922e+00 -1.044246626215809e-01
1.115442782290895e+00 -3.230882534631861e-01
-8.067144620885212e-01 -2.066059204677256e-02
-3.314772607302690e-01 -6.531123095571403e-01

