0
52
1.553917305106418e+00 -4.457739364644525e-01
0.000000000000000e+00 0.000000000000000e+00
52
1.553917305106495e+00 -4.457739364643744e-01
3.554447978966673e-16
1.000000000000000e+00
3.297814428101493e-16
3.906250000000000e-04
1.094409632074627e-13
0.000000000000000e+00
1
0
0
1.000000000000000e+00
0.000000000000000e+00
1
52
-6.306373009812947e-01 -6.783540038502542e-01
0.000000000000000e+00 0.000000000000000e+00
52
-6.306373009811805e-01 -6.783540038501659e-01
1.241267076623637e-16
1.000000000000000e+00
5.058560907835936e-17
3.906250000000000e-04
1.442583059255910e-13
0.000000000000000e+00
1
0
0
1.000000000000000e+00
0.000000000000000e+00
