52
2
-8.739621332794327e-01 7.892321967859790e-01
1.362026761550667e+00 -3.907260888794792e-01
52
-8.739621332794744e-01 7.892321967860114e-01
1.362026761550735e+00 -3.907260888794108e-01
0.000000000000000e+00 0.000000000000000e+00
1.000000000000000e+00
0
1.000000000000000e+00
0.000000000000000e+00
0
52
2
-6.400261933759419e-01 -2.421142865504614e-01
-5.527609982500211e-01 -5.945852485282774e-01
52
-6.400261933759905e-01 -2.421142865504118e-01
-5.527609982499211e-01 -5.945852485281999e-01
0.000000000000000e+00 0.000000000000000e+00
1.000000000000000e+00
0
1.000000000000000e+00
0.000000000000000e+00
0
