3
0
0
52
-9.020231071401346e-01 2.739940143995842e-01
-9.020231071401346e-01 2.739940143995842e-01
-4.583295277593019e-18 6.505213034913027e-18
1.062444971992149e-16
5.852151153284728e+00
9.420017015009782e-17
3.906250000000000e-04
1.881049075370188e-14
0.000000000000000e+00
1
1
1
52
4.147529860372460e-01 2.057326975371264e-01
-4.147529860372460e-01 -2.057326975371264e-01
8.295059720744921e-01 4.114653950742527e-01
5.551115123125783e-17
2.598635256342681e+00
4.594692119075134e-17
3.906250000000000e-04
2.539961237993719e-14
0.000000000000000e+00
1
1
-1

2 0
1 3
-5025865072167423712439320251735714179933961806037201244131062339703715420200191751696597427049716004760371206941177124828967383654752237164020569943018675573272574684671348045376233754335101570018364247610958833307953921664411111859736138785065762820038674511863926679009247969876177600481793410705299658550731/10000000000000000000000000000000000000000000000000000000000000000000000000000000000000000000000000000000000000000000000000000000000000000000000000000000000000000000000000000000000000000000000000000000000000000000000000000000000000000000000000000000000000000000000000000000000000000000000000000000000000000000000 -3577137889147285437536189369006024795194813332416272408369210920475657032838177085738157540669826803642798428113769162869035636315756720616451338274130496406059435214200469291823405364690570580828505754890996517270828579318127444909424639867929257879928317570099883494025112199768915147854787775732038143112357/5000000000000000000000000000000000000000000000000000000000000000000000000000000000000000000000000000000000000000000000000000000000000000000000000000000000000000000000000000000000000000000000000000000000000000000000000000000000000000000000000000000000000000000000000000000000000000000000000000000000000000000000
-80060023926973455370959028276337239373292846008582169529332869447353514154878692608107393039076089171019512836629810135952403389972148584221085735900192070877617640261556130999887555953340966723466857474633415511873459891038365622116689537928686427025666768993661466301899848805481061956620819460949321588959/156250000000000000000000000000000000000000000000000000000000000000000000000000000000000000000000000000000000000000000000000000000000000000000000000000000000000000000000000000000000000000000000000000000000000000000000000000000000000000000000000000000000000000000000000000000000000000000000000000000000000000000 4071251812216531120783065688366758481140803371504043730402200216775457109954181378272804805308203071582882328106386696145540857570186105947743389298612776459965207829706925744980560920434867922548538319691653009631230576295061836268390088590242739448391336431161992270546440433473354176686504641832328340754729/10000000000000000000000000000000000000000000000000000000000000000000000000000000000000000000000000000000000000000000000000000000000000000000000000000000000000000000000000000000000000000000000000000000000000000000000000000000000000000000000000000000000000000000000000000000000000000000000000000000000000000000000
1925172077607555789470177339544467811873448453525419959966312163972446255328897783609208139709996169738800548236453710746009098389165965002977909951307385175703137380002508085823678288471798912634078623202559879836745612199173934290782820406746993986650480793357700016588994005102271429683632550941823405880359/2000000000000000000000000000000000000000000000000000000000000000000000000000000000000000000000000000000000000000000000000000000000000000000000000000000000000000000000000000000000000000000000000000000000000000000000000000000000000000000000000000000000000000000000000000000000000000000000000000000000000000000000 8136839299523476140482156691417326496529471653209012567712216913813895108887227881368180913410766870069348931280343525415014703944753372374086022622402175285413456362238098481506658645134912196110416319356136555880885135193343289229271297352944256369641595786541231097877214184737563641649356271236443405512031/100000000000000000000000000000000000000000000000000000000000000000000000000000000000000000000000000000000000000000000000000000000000000000000000000000000000000000000000000000000000000000000000000000000000000000000000000000000000000000000000000000000000000000000000000000000000000000000000000000000000000000000000

0
213819318898856016979794748929495915288220861691250972602362063412981772095387415496423172418792552525796231146423634970241525003502019731310415435521999553005935655640077469921473247281387647869022830635539385488019463079541136451253791928458173866100351238688688268461616256258935722264810070261569151413989/1000000000000000000000000000000000000000000000000000000000000000000000000000000000000000000000000000000000000000000000000000000000000000000000000000000000000000000000000000000000000000000000000000000000000000000000000000000000000000000000000000000000000000000000000000000000000000000000000000000000000000000000 -749390929686476894950259988865217518872981676844570744582220516287808658728391414190990389536097109648285690647138787459843795404964362335905670927203411081201552145125365802169986188572238804175289948067240314451879818426658324768971937984578461723759757040385647521676126602007568007590884032490458606067569/1000000000000000000000000000000000000000000000000000000000000000000000000000000000000000000000000000000000000000000000000000000000000000000000000000000000000000000000000000000000000000000000000000000000000000000000000000000000000000000000000000000000000000000000000000000000000000000000000000000000000000000000
3 3
1 0
0 0
0 0
0 0
1 0
0 0
0 0
0 0
1 0

3 0

2 0

