0
52
-8.507987636536826e-01 1.187081522184596e+00
-2.159974214478109e+00 -2.923962689350705e+00
0.000000000000000e+00 0.000000000000000e+00
52
-8.507987636545139e-01 1.187081522187378e+00
-2.159974214482612e+00 -2.923962689346142e+00
8.013914133961001e-12
5.244029494304350e+01
2.926759284031525e-15
1.562500000000000e-03
6.407663735126078e-12
0.000000000000000e+00
1
0
0
1.906930540886776e-02
0.000000000000000e+00
1
52
5.279015799608633e-01 1.924923356247739e+00
-1.349410181540168e+00 -4.722271658246187e-01
0.000000000000000e+00 0.000000000000000e+00
52
5.279015799600649e-01 1.924923356245922e+00
-1.349410181538883e+00 -4.722271658242194e-01
1.414479693812946e-14
8.284670903552856e+00
1.966778139871102e-16
1.562500000000000e-03
1.984313137749500e-12
0.000000000000000e+00
1
0
0
1.207048549835761e-01
0.000000000000000e+00
2
52
6.535863775648666e-01 1.892818299773450e+00
-1.130967098851488e+00 -2.816482613706089e-02
0.000000000000000e+00 0.000000000000000e+00
52
6.535863775637346e-01 1.892818299771841e+00
-1.130967098850662e+00 -2.816482613670978e-02
2.617356667201612e-14
2.319513316464661e+00
2.827122593394615e-16
1.562500000000000e-03
1.967054897142860e-12
0.000000000000000e+00
1
0
0
4.311249230179772e-01
0.000000000000000e+00
3
52
-2.003014354482071e-01 1.086808204263283e+00
-1.746847139928562e+00 -1.579223767775905e+00
0.000000000000000e+00 0.000000000000000e+00
52
-2.003014354481588e-01 1.086808204263246e+00
-1.746847139928582e+00 -1.579223767775803e+00
2.311931156184829e-14
9.662316816012353e+00
7.930412907911178e-16
1.562500000000000e-03
1.040347101857782e-13
0.000000000000000e+00
1
0
0
1.034948469442447e-01
0.000000000000000e+00
4
52
6.589955980780133e-01 2.092181866483054e+00
-2.177050901108699e+00 3.989775049802621e-01
0.000000000000000e+00 0.000000000000000e+00
52
6.589955980816932e-01 2.092181866481602e+00
-2.177050901104189e+00 3.989775049850381e-01
3.382386801497648e-12
3.048271729356594e+01
1.169445992424735e-15
1.562500000000000e-03
6.566645448260087e-12
0.000000000000000e+00
1
0
0
3.280547434040838e-02
0.000000000000000e+00
5
52
8.321372463513351e-01 -4.520136231567979e-01
3.396593272419978e-01 -2.318685527106321e+00
0.000000000000000e+00 0.000000000000000e+00
52
8.321372463515926e-01 -4.520136231561932e-01
3.396593272423356e-01 -2.318685527105625e+00
2.334222277646834e-12
5.024599242112166e+01
1.560576263762238e-15
1.562500000000000e-03
7.733555254367904e-13
0.000000000000000e+00
1
0
0
1.990208475969190e-02
0.000000000000000e+00
6
52
1.273668503635470e+00 4.782586632036440e+00
-1.326477741655044e-01 2.087393097888047e+00
0.000000000000000e+00 0.000000000000000e+00
52
1.273668503635422e+00 4.782586632036455e+00
-1.326477741655269e-01 2.087393097888056e+00
1.938933493485428e-09
4.319745650721700e+01
1.087770641723479e-15
3.906250000000000e-04
5.066170406671234e-14
0.000000000000000e+00
1
0
0
2.314951112533512e-02
0.000000000000000e+00
7
52
-2.551469844643560e-02 2.647179487751875e-01
-3.582566550146877e-01 -1.943564203600437e+00
0.000000000000000e+00 0.000000000000000e+00
52
-2.551469844806883e-02 2.647179487748597e-01
-3.582566550182889e-01 -1.943564203601329e+00
5.389010010323377e-14
1.958361626873006e+01
9.077629889794998e-17
1.562500000000000e-03
3.709506179707022e-12
0.000000000000000e+00
1
0
0
5.106309203968318e-02
0.000000000000000e+00
8
52
6.362932499027193e-01 2.165214069242704e+00
-5.984023472212237e-02 9.617822163588072e-01
0.000000000000000e+00 0.000000000000000e+00
52
6.362932499027160e-01 2.165214069242704e+00
-5.984023472212459e-02 9.617822163588078e-01
5.209439011136884e-13
7.656301503438804e+00
2.758923567548661e-16
3.906250000000000e-04
3.470224021048859e-15
0.000000000000000e+00
1
0
0
1.306113662779415e-01
0.000000000000000e+00
9
52
7.406983401825866e-02 1.981169810807288e+00
-1.746896843354475e+00 -1.053969746992577e+00
0.000000000000000e+00 0.000000000000000e+00
52
7.406983401401530e-02 1.981169810808819e+00
-1.746896843352552e+00 -1.053969746994493e+00
1.040527322766037e-13
5.519089231045734e+00
3.958357669856938e-16
1.562500000000000e-03
4.510129589153949e-12
0.000000000000000e+00
1
0
0
1.811893155078640e-01
0.000000000000000e+00
10
52
-4.710459866606024e-01 3.426602912820062e-01
-8.945470325720321e-01 -3.802380803300287e+00
0.000000000000000e+00 0.000000000000000e+00
52
-4.710459866591643e-01 3.426602912783103e-01
-8.945470325630086e-01 -3.802380803304538e+00
2.480484235127629e-11
5.207209094023177e+01
1.621971577268913e-15
1.562500000000000e-03
9.971672320721092e-12
0.000000000000000e+00
1
0
0
1.920414529057029e-02
0.000000000000000e+00
11
52
-1.493024718524069e+00 1.116953223976858e+00
-6.363932856059143e-01 1.502764758016972e+00
0.000000000000000e+00 0.000000000000000e+00
52
-1.493024718523433e+00 1.116953223974669e+00
-6.363932856064789e-01 1.502764758014299e+00
3.280222675188815e-12
1.982708659987259e+01
5.154850611612648e-15
9.765625000000001e-05
2.731871769397743e-12
0.000000000000000e+00
1
0
0
5.043605347476648e-02
0.000000000000000e+00
12
52
-2.807470075258678e-01 1.555592138698587e+00
-3.060848654513152e-01 6.348067897842238e-01
0.000000000000000e+00 0.000000000000000e+00
52
-2.807470075258721e-01 1.555592138698587e+00
-3.060848654513192e-01 6.348067897842252e-01
3.048568113005686e-15
4.902784897762958e+00
3.450464988182772e-16
3.906250000000000e-04
4.301666526553699e-15
0.000000000000000e+00
1
0
0
2.039657094595931e-01
0.000000000000000e+00
13
52
2.075971000184037e+00 2.824442858317392e+00
2.617042785848593e+00 1.629297231892132e+00
0.000000000000000e+00 0.000000000000000e+00
52
2.075971000184027e+00 2.824442858317406e+00
2.617042785848587e+00 1.629297231892142e+00
2.906305653233996e-09
1.165759923932555e+02
2.232204794258616e-15
3.906250000000000e-04
1.691041330490230e-14
0.000000000000000e+00
1
0
0
8.578095536400125e-03
0.000000000000000e+00
14
52
-4.717674119361795e-01 9.694865874921735e-01
-3.093003885403275e-01 1.597468324642405e-01
0.000000000000000e+00 0.000000000000000e+00
52
-4.717674119361863e-01 9.694865874921754e-01
-3.093003885403294e-01 1.597468324642438e-01
4.336921445502153e-16
4.814993854678556e+00
8.229317085082645e-16
3.906250000000000e-04
6.815901389143710e-15
0.000000000000000e+00
1
0
0
2.076845848989685e-01
0.000000000000000e+00
15
52
-4.739005586882680e-01 1.523237581963431e+00
-1.895486751834642e+00 -1.919959317397680e+00
0.000000000000000e+00 0.000000000000000e+00
52
-4.739005586866226e-01 1.523237581964439e+00
-1.895486751832726e+00 -1.919959317398835e+00
1.214598196464088e-13
1.817810782168041e+00
7.313243866435422e-16
1.562500000000000e-03
2.237643034807889e-12
0.000000000000000e+00
1
0
0
5.501122613033101e-01
0.000000000000000e+00
16
52
-2.749875991083608e-01 3.058483418787967e+00
-1.370052109686455e+00 -8.904097754522389e-01
0.000000000000000e+00 0.000000000000000e+00
52
-2.749875991083602e-01 3.058483418787974e+00
-1.370052109686456e+00 -8.904097754522408e-01
6.754361840377043e-13
2.663358487343689e+01
1.459739097791419e-15
3.906250000000000e-04
6.297029969676175e-15
0.000000000000000e+00
1
0
0
3.754657905618083e-02
0.000000000000000e+00
17
52
1.409092699116946e-01 -2.941511083407734e-02
5.564974536936288e-02 1.008491882348473e-01
0.000000000000000e+00 0.000000000000000e+00
52
1.409092699119119e-01 -2.941511083371681e-02
5.564974536913945e-02 1.008491882350965e-01
5.805314661875112e-15
4.684239327714446e+03
1.802612941158566e-16
2.441406250000000e-05
4.208409120301779e-13
0.000000000000000e+00
1
0
0
2.134818334501974e-04
0.000000000000000e+00
18
52
-1.587850451396582e+00 5.921754464044209e-02
-6.180214382134468e-01 5.990902475245855e-01
0.000000000000000e+00 0.000000000000000e+00
52
-1.587850451396596e+00 5.921754464044112e-02
-6.180214382134317e-01 5.990902475246342e-01
3.508501500683016e-13
1.452321091503008e+01
4.856175656873888e-16
2.441406250000000e-05
5.073913568578417e-14
0.000000000000000e+00
1
0
0
6.885529693472257e-02
0.000000000000000e+00
19
52
-2.594477559610099e-02 9.375673134418532e-01
-2.579380850798153e-01 -3.564492285316638e-01
0.000000000000000e+00 0.000000000000000e+00
52
-2.594477559610046e-02 9.375673134418533e-01
-2.579380850798132e-01 -3.564492285316629e-01
5.728172321609566e-17
5.723713754726658e+00
2.826317752758775e-16
3.906250000000000e-04
2.434909185329438e-15
0.000000000000000e+00
1
0
0
1.452507750369925e-01
0.000000000000000e+00
20
52
-1.368697192379401e+00 1.536036439340785e+00
-4.326244051706943e-01 -8.203428742800983e-01
0.000000000000000e+00 0.000000000000000e+00
52
-1.368697192379406e+00 1.536036439340785e+00
-4.326244051706919e-01 -8.203428742800984e-01
6.831481128744447e-15
9.663955773369540e+00
4.899289410459941e-16
3.906250000000000e-04
5.329070518200751e-15
0.000000000000000e+00
1
0
0
1.034772947487661e-01
0.000000000000000e+00
21
52
-4.376472744055547e-01 -3.383157780354001e-01
-1.642012774920203e+00 1.108361764938420e-01
0.000000000000000e+00 0.000000000000000e+00
52
-4.376472744054759e-01 -3.383157780353683e-01
-1.642012774920184e+00 1.108361764937803e-01
8.082423619271140e-14
7.503014515179331e+00
1.561248098807587e-16
3.906250000000000e-04
8.489854853137405e-14
0.000000000000000e+00
1
0
0
1.332797634839840e-01
0.000000000000000e+00
22
52
-4.714599273877347e-01 1.051496658601341e+00
-3.978921798025971e-01 -6.851135634462163e-01
0.000000000000000e+00 0.000000000000000e+00
52
-4.714599273894311e-01 1.051496658604757e+00
-3.978921797995928e-01 -6.851135634479154e-01
1.160128748844235e-16
1.708875982456980e+00
3.049737345490204e-17
1.562500000000000e-03
3.813434967025068e-12
0.000000000000000e+00
1
0
0
5.235448305026400e-01
0.000000000000000e+00
23
52
3.945214227357166e-01 1.311488993805087e+00
-1.309358746090485e+00 -3.833432677129870e-01
0.000000000000000e+00 0.000000000000000e+00
52
3.945214227346167e-01 1.311488993807439e+00
-1.309358746091816e+00 -3.833432677134393e-01
1.432834599541529e-15
3.273083567391610e+00
2.949114201304242e-16
1.562500000000000e-03
2.595659653635214e-12
0.000000000000000e+00
1
0
0
3.055222940112468e-01
0.000000000000000e+00
24
52
-5.354792647495523e-01 2.193562871138961e+00
-1.041136981285079e+00 -1.239118397497771e+00
0.000000000000000e+00 0.000000000000000e+00
52
-5.354792647495550e-01 2.193562871138963e+00
-1.041136981285078e+00 -1.239118397497774e+00
2.951627666483527e-14
1.404325005304383e+01
3.505132294777722e-16
3.906250000000000e-04
3.202372833989377e-15
0.000000000000000e+00
1
0
0
7.120858748671596e-02
0.000000000000000e+00
25
52
1.317288811618695e-01 1.252651306280204e+00
-3.911539956780168e-01 1.203748718292362e-01
0.000000000000000e+00 0.000000000000000e+00
52
1.317288811618674e-01 1.252651306280199e+00
-3.911539956780214e-01 1.203748718292301e-01
2.466786542164164e-16
3.217358189926133e+00
5.607356791799632e-17
3.906250000000000e-04
7.638433247677329e-15
0.000000000000000e+00
1
0
0
3.108140098081398e-01
0.000000000000000e+00
26
52
2.112624764274964e+00 -8.501362970596767e-01
-2.134049437663597e+00 2.097115919683554e-01
0.000000000000000e+00 0.000000000000000e+00
52
2.112624764274938e+00 -8.501362970596661e-01
-2.134049437663589e+00 2.097115919683526e-01
1.799694179470161e-10
1.150442072803114e+02
1.493173003117154e-15
3.906250000000000e-04
2.671926494544743e-14
0.000000000000000e+00
1
0
0
8.692310752886895e-03
0.000000000000000e+00
27
52
5.128166779078165e-02 9.621885111977436e-01
-5.634492736410490e-01 -2.266841766618903e-01
0.000000000000000e+00 0.000000000000000e+00
52
5.128166779871220e-02 9.621885111922568e-01
-5.634492736419253e-01 -2.266841766592874e-01
1.788286642462694e-17
3.068253883444613e+00
3.768439113509394e-16
1.562500000000000e-03
9.641586028264417e-12
0.000000000000000e+00
1
0
0
6.936112678165800e-02
0.000000000000000e+00
28
52
2.630460369291934e-01 3.646470058080882e+00
-1.259505514094049e+00 2.772404707161364e-01
0.000000000000000e+00 0.000000000000000e+00
52
2.630460369291905e-01 3.646470058080888e+00
-1.259505514094049e+00 2.772404707161348e-01
1.710373039743689e-11
1.298339828556198e+01
1.356258662735832e-15
3.906250000000000e-04
5.850569862466858e-15
0.000000000000000e+00
1
0
0
7.702143753165436e-02
0.000000000000000e+00
29
52
8.506052911661607e-02 -1.437429817425847e-01
1.299498216649491e-01 3.123650693478809e-02
0.000000000000000e+00 0.000000000000000e+00
52
8.506052911639858e-02 -1.437429817429450e-01
1.299498216651723e-01 3.123650693453885e-02
6.083060352345407e-15
7.799089643886776e+03
6.241696509962994e-16
2.441406250000000e-05
4.208005347096534e-13
0.000000000000000e+00
1
0
0
1.282200930699442e-04
0.000000000000000e+00
30
52
-2.793612530872805e-01 9.456938686238370e-01
-3.996089031958880e-01 -4.364133479754327e-01
0.000000000000000e+00 0.000000000000000e+00
52
-2.793612530860684e-01 9.456938686227024e-01
-3.996089031947648e-01 -4.364133479782270e-01
2.793525323701701e-17
3.512701913574849e+00
1.332886189765157e-16
1.562500000000000e-03
3.011018426334437e-12
0.000000000000000e+00
1
0
0
1.079284313219282e-01
0.000000000000000e+00
31
52
5.039530862210210e-01 1.179776964600280e+00
-9.497834991226671e-01 1.828342068277492e-01
0.000000000000000e+00 0.000000000000000e+00
52
5.039530862142076e-01 1.179776964600698e+00
-9.497834991193618e-01 1.828342068221113e-01
1.250778933366501e-15
3.344496938498064e+00
5.234993401263062e-16
1.562500000000000e-03
6.824593202236462e-12
0.000000000000000e+00
1
0
0
2.989986292076192e-01
0.000000000000000e+00
32
52
-6.652044550702949e+00 2.546775788783803e+00
-2.574183012532633e+00 1.695918759321901e-01
0.000000000000000e+00 0.000000000000000e+00
52
-6.652044550700920e+00 2.546775788785791e+00
-2.574183012532266e+00 1.695918759322764e-01
6.622875741705681e-08
1.704959259723204e+02
3.910073756179458e-15
3.906250000000000e-04
2.844807228650495e-12
0.000000000000000e+00
1
0
0
5.865242786870739e-03
0.000000000000000e+00
33
52
8.155538782491677e-01 6.673176556200481e-01
-1.137376262136867e+00 -3.102218507789613e-01
0.000000000000000e+00 0.000000000000000e+00
52
8.155538782487053e-01 6.673176556203176e-01
-1.137376262136865e+00 -3.102218507790070e-01
1.250499133051219e-14
6.785533039570701e+00
3.803516586240276e-16
1.562500000000000e-03
5.351468458046323e-13
0.000000000000000e+00
1
0
0
1.473723573621074e-01
0.000000000000000e+00
34
52
-1.852301810155008e+00 -8.318549876762420e-01
-1.539435353355350e+00 -2.561872038238612e-02
0.000000000000000e+00 0.000000000000000e+00
52
-1.852301810157123e+00 -8.318549876676889e-01
-1.539435353355713e+00 -2.561872037524868e-02
2.235209123150042e-12
2.401062663171618e+01
1.512318258278016e-15
9.765625000000001e-05
8.808399324763815e-12
0.000000000000000e+00
1
0
0
4.164822581844146e-02
0.000000000000000e+00
35
52
-1.286504100684427e-01 1.012748154273511e+00
-3.471028659700031e-01 -4.089798201508791e-02
0.000000000000000e+00 0.000000000000000e+00
52
-1.286504100684409e-01 1.012748154273504e+00
-3.471028659700034e-01 -4.089798201508765e-02
7.227466036830306e-17
1.471918700593204e+00
2.256966428499845e-16
3.906250000000000e-04
7.337767935090690e-15
0.000000000000000e+00
1
0
0
3.635187771583879e-01
0.000000000000000e+00
36
52
-6.998476364202005e-01 1.416955099138384e+00
-5.089964506642106e-01 -1.000851782381350e+00
0.000000000000000e+00 0.000000000000000e+00
52
-6.998476364213970e-01 1.416955099139102e+00
-5.089964506635341e-01 -1.000851782382337e+00
2.747241210025923e-15
3.888805746611702e+00
2.031384525884925e-16
1.562500000000000e-03
1.395263597619779e-12
0.000000000000000e+00
1
0
0
2.571483548313760e-01
0.000000000000000e+00
37
52
-3.386628534780872e-01 -5.288211455674119e-01
-1.384945584095272e+00 -3.429922995680676e-01
0.000000000000000e+00 0.000000000000000e+00
52
-3.386628534780903e-01 -5.288211455674127e-01
-1.384945584095272e+00 -3.429922995680643e-01
1.952762059271049e-14
7.425581755984634e+00
3.098431616415528e-16
3.906250000000000e-04
3.282676229059982e-15
0.000000000000000e+00
1
0
0
1.346695831870751e-01
0.000000000000000e+00
38
52
-3.861590481169835e-01 7.920547550096266e-01
-1.022084150982449e+00 -1.659675032183762e+00
0.000000000000000e+00 0.000000000000000e+00
52
-3.861590481171850e-01 7.920547550088360e-01
-1.022084150979308e+00 -1.659675032184216e+00
2.083702585933651e-15
7.252807759873143e+00
3.632084008493253e-16
1.562500000000000e-03
3.172879676242222e-12
0.000000000000000e+00
1
0
0
1.378776376140281e-01
0.000000000000000e+00
39
52
2.047689953970193e-02 9.572816112303142e-01
-1.334164529737788e+00 -6.548215288427546e-01
0.000000000000000e+00 0.000000000000000e+00
52
2.047689953957882e-02 9.572816112293708e-01
-1.334164529735994e+00 -6.548215288429553e-01
2.995802653854976e-16
5.538366934866264e+00
2.153717015766726e-16
1.562500000000000e-03
1.805118386044116e-12
0.000000000000000e+00
1
0
0
1.805586397146413e-01
0.000000000000000e+00
40
52
-2.088372337686589e-01 6.915438232973253e-01
-8.088141676859198e-01 -8.811808195314701e-01
0.000000000000000e+00 0.000000000000000e+00
52
-2.088372337691661e-01 6.915438232973796e-01
-8.088141676868227e-01 -8.811808195329875e-01
3.223273067909032e-17
1.098745485942303e+01
1.457876648686183e-16
1.562500000000000e-03
1.765721148405026e-12
0.000000000000000e+00
1
0
0
4.970400099769831e-02
0.000000000000000e+00
41
52
1.226321366641169e-01 2.305538749388801e-01
-2.101047290886734e+00 -5.688412002404004e-01
0.000000000000000e+00 0.000000000000000e+00
52
1.226321366637340e-01 2.305538749374821e-01
-2.101047290887460e+00 -5.688412002375277e-01
4.012561660032261e-14
5.384212530700901e+00
6.245189438386178e-16
1.562500000000000e-03
2.962288544357772e-12
0.000000000000000e+00
1
0
0
1.857281811031748e-01
0.000000000000000e+00
42
52
-8.673459808766366e-01 9.688486106831340e-01
-3.561557880416424e-01 -4.577992651894602e-01
0.000000000000000e+00 0.000000000000000e+00
52
-8.673459808783749e-01 9.688486106735940e-01
-3.561557880356301e-01 -4.577992651926104e-01
2.227212004505268e-16
3.033511883952384e+00
1.960455033471427e-16
1.562500000000000e-03
9.695230082710144e-12
0.000000000000000e+00
1
0
0
3.296509254801709e-01
0.000000000000000e+00
43
52
-1.596917131581602e+00 6.154279343505118e-01
-4.213824607166768e-01 -1.017702336188045e-01
0.000000000000000e+00 0.000000000000000e+00
52
-1.596917131581881e+00 6.154279343504686e-01
-4.213824607163361e-01 -1.017702336188494e-01
1.617309555524192e-14
8.102271676476620e+00
1.300137636844656e-16
9.765625000000001e-05
3.436615371650708e-13
0.000000000000000e+00
1
0
0
1.234221758946083e-01
0.000000000000000e+00
44
52
-2.385090404996016e+00 -2.541692221573945e+00
1.375596293348166e+00 -3.940176773463674e+00
0.000000000000000e+00 0.000000000000000e+00
52
-2.385090404996012e+00 -2.541692221573946e+00
1.375596293348169e+00 -3.940176773463670e+00
6.921222698712154e-08
1.285867068119539e+03
7.987716710828593e-15
3.906250000000000e-04
5.687116766346677e-15
0.000000000000000e+00
1
0
0
7.776853648351123e-04
0.000000000000000e+00
45
52
-3.079562755212871e+00 -3.321002891802984e+00
-3.174706129070376e+00 -1.596247144239356e+00
0.000000000000000e+00 0.000000000000000e+00
52
-3.079562755212853e+00 -3.321002891802975e+00
-3.174706129070359e+00 -1.596247144239352e+00
1.081998260303789e-08
2.575970813217774e+02
8.815995005090197e-15
9.765625000000001e-05
2.344858313286850e-14
0.000000000000000e+00
1
0
0
3.882031562115605e-03
0.000000000000000e+00
46
52
-4.404964220942523e-01 8.934741805461661e-01
-1.019370164726374e+00 -1.321364702144023e+00
0.000000000000000e+00 0.000000000000000e+00
52
-4.404964220957703e-01 8.934741805450095e-01
-1.019370164725079e+00 -1.321364702145740e+00
1.040926600059898e-15
3.361430270587610e+00
3.387796360025912e-16
1.562500000000000e-03
2.149753542598496e-12
0.000000000000000e+00
1
0
0
2.974924123073332e-01
0.000000000000000e+00
47
52
-1.556304422984101e-01 -5.699564126269395e-01
3.793532258731723e-01 -3.045649946462606e-01
0.000000000000000e+00 0.000000000000000e+00
52
-1.556304422983407e-01 -5.699564126269070e-01
3.793532258731743e-01 -3.045649946461960e-01
7.439902573015511e-13
4.321699358297776e+03
3.892475856470346e-15
9.765625000000001e-05
8.126773767991437e-14
0.000000000000000e+00
1
0
0
2.313904594219341e-04
0.000000000000000e+00
48
52
-1.475181098147703e-01 7.046253480283826e-01
-8.900457565099044e-01 -7.615406722371831e-01
0.000000000000000e+00 0.000000000000000e+00
52
-1.475181098125744e-01 7.046253480277226e-01
-8.900457565111037e-01 -7.615406722333183e-01
6.950268703469773e-17
2.023826263109697e+01
1.802214636599189e-15
1.562500000000000e-03
4.045350471529200e-12
0.000000000000000e+00
1
0
0
2.216424990526387e-02
0.000000000000000e+00
49
52
-6.637270591708136e-01 -4.787897413135939e-01
-3.440683901342863e+00 4.570205572905833e-01
0.000000000000000e+00 0.000000000000000e+00
52
-6.637270591708035e-01 -4.787897413135920e-01
-3.440683901342865e+00 4.570205572905591e-01
1.819046246076567e-10
3.686205690004721e+01
1.475504624844198e-15
3.906250000000000e-04
2.449652447446820e-14
0.000000000000000e+00
1
0
0
2.712816603564841e-02
0.000000000000000e+00
50
52
-3.571028758539057e-01 8.860593384678318e-01
-5.283594482992211e-01 -7.257712058554395e-01
0.000000000000000e+00 0.000000000000000e+00
52
-3.571028758522194e-01 8.860593384686251e-01
-5.283594482990768e-01 -7.257712058577528e-01
6.326540322147529e-17
2.832264688254989e+00
9.819681290041959e-17
1.562500000000000e-03
2.317322499346139e-12
0.000000000000000e+00
1
0
0
1.846217495061739e-01
0.000000000000000e+00
51
52
3.478916801347634e-01 1.077090606525880e+00
-1.370082272341593e-01 -9.779155526341619e-02
0.000000000000000e+00 0.000000000000000e+00
52
3.478916801347635e-01 1.077090606525883e+00
-1.370082272341592e-01 -9.779155526341096e-02
1.552982042934422e-15
1.219605561571384e+01
3.469824556094162e-16
3.906250000000000e-04
5.654104379375447e-15
0.000000000000000e+00
1
0
0
8.199372252054705e-02
0.000000000000000e+00
52
52
4.829743241609472e-01 1.162777672501420e+00
1.173858656903928e+00 -1.653295328447651e-01
0.000000000000000e+00 0.000000000000000e+00
52
4.829743241609483e-01 1.162777672501421e+00
1.173858656903931e+00 -1.653295328447646e-01
2.491072575681587e-13
2.808374595650882e+01
3.397203076526056e-15
3.906250000000000e-04
3.730518700950602e-15
0.000000000000000e+00
1
0
0
3.560778542679543e-02
0.000000000000000e+00
53
52
-2.314151751608089e+00 1.366464020864021e+00
3.313152452474616e+00 -1.869742509578242e-01
0.000000000000000e+00 0.000000000000000e+00
52
-2.314151751608086e+00 1.366464020864022e+00
3.313152452474609e+00 -1.869742509578116e-01
5.190884801330760e-09
1.085570655573908e+02
4.462269871304866e-15
3.906250000000000e-04
1.688180266768139e-14
0.000000000000000e+00
1
0
0
9.211744945991845e-03
0.000000000000000e+00
54
52
-6.744780986588728e-01 1.552370247951320e+00
1.725811612708032e+00 1.155438724871891e+00
0.000000000000000e+00 0.000000000000000e+00
52
-6.744780986588399e-01 1.552370247951342e+00
1.725811612708132e+00 1.155438724871877e+00
1.431195437617569e-11
7.869265128114142e+01
1.054420132529694e-15
3.906250000000000e-04
9.912097029230617e-14
0.000000000000000e+00
1
0
0
1.270766690052605e-02
0.000000000000000e+00
55
52
-4.206501988321523e-02 4.052892208798559e-01
-7.723778036778134e-01 -1.003576201357043e+00
0.000000000000000e+00 0.000000000000000e+00
52
-4.206501988344662e-02 4.052892208798556e-01
-7.723778036780636e-01 -1.003576201356956e+00
1.768924936855117e-16
6.126653130570610e+00
6.914554668573009e-17
1.562500000000000e-03
2.645544060040029e-13
0.000000000000000e+00
1
0
0
1.632212528909506e-01
0.000000000000000e+00
56
52
3.453320966182379e-02 7.596207046854146e-01
-6.006333379390041e-01 -5.526896467210736e-01
0.000000000000000e+00 0.000000000000000e+00
52
3.453320966266522e-02 7.596207046866212e-01
-6.006333379380875e-01 -5.526896467197466e-01
4.676094329771839e-17
6.557649802732278e+00
9.247865522857205e-17
1.562500000000000e-03
1.612554652213560e-12
0.000000000000000e+00
1
0
0
4.793699801006176e-02
0.000000000000000e+00
57
52
2.871974465952742e-01 1.542552173076666e-02
-3.599521721283193e-01 -1.644328612813907e+00
0.000000000000000e+00 0.000000000000000e+00
52
2.871974465945366e-01 1.542552172977183e-02
-3.599521721294826e-01 -1.644328612815189e+00
3.997844671165951e-14
3.231921654289918e+01
3.257620768420318e-16
1.562500000000000e-03
1.731585438925319e-12
0.000000000000000e+00
1
0
0
3.094134409702172e-02
0.000000000000000e+00
58
52
-4.683942514796355e-01 6.514985939644561e-01
-3.883520149150425e-01 -1.187133020632309e-01
0.000000000000000e+00 0.000000000000000e+00
52
-4.683942514812345e-01 6.514985939647526e-01
-3.883520149151173e-01 -1.187133020632968e-01
1.695347283800557e-16
4.758936085490026e+00
5.041398321912559e-16
3.906250000000000e-04
1.625841021211583e-12
0.000000000000000e+00
1
0
0
2.079625783895428e-01
0.000000000000000e+00
59
52
-1.019525604336146e+00 6.342324818819807e-01
-4.467534736863595e-01 2.767290676726821e-02
0.000000000000000e+00 0.000000000000000e+00
52
-1.019525604336141e+00 6.342324818818807e-01
-4.467534736863987e-01 2.767290676725069e-02
1.389737635843590e-15
5.347260687643095e+00
2.795612200105879e-16
9.765625000000001e-05
9.982874547579066e-14
0.000000000000000e+00
1
0
0
1.870116417385233e-01
0.000000000000000e+00
60
52
6.225523119296611e-01 1.917032323094658e+00
-6.435043473799322e-01 3.951718743754239e-01
0.000000000000000e+00 0.000000000000000e+00
52
6.225523119353936e-01 1.917032323094885e+00
-6.435043473803063e-01 3.951718743753419e-01
2.025438764640852e-14
2.393983910435766e+00
2.577718784988219e-16
1.562500000000000e-03
5.735888554234587e-12
0.000000000000000e+00
1
0
0
4.177137513919108e-01
0.000000000000000e+00
61
52
-1.377950820959475e+00 2.772416914081466e-01
-9.942875378015082e-01 7.640916651216478e-01
0.000000000000000e+00 0.000000000000000e+00
52
-1.377950820959457e+00 2.772416914081148e-01
-9.942875378014912e-01 7.640916651216276e-01
2.342232755143904e-13
1.797965390473914e+01
2.297524572259989e-15
2.441406250000000e-05
3.690189110631588e-14
0.000000000000000e+00
1
0
0
5.561842320760225e-02
0.000000000000000e+00
62
52
-9.799292684211802e-01 9.307410437116791e-01
-6.407893916687986e-02 5.951137432151078e-01
0.000000000000000e+00 0.000000000000000e+00
52
-9.799292684212260e-01 9.307410437115442e-01
-6.407893916716147e-02 5.951137432150532e-01
4.424186732886807e-14
1.568611147389302e+01
2.719794600989882e-16
9.765625000000001e-05
2.858669068549786e-13
0.000000000000000e+00
1
0
0
6.375066259501837e-02
0.000000000000000e+00
63
52
1.888012976975073e-01 8.548425776527662e-01
-8.399687333119396e-01 -3.902753685725934e-01
0.000000000000000e+00 0.000000000000000e+00
52
1.888012976943786e-01 8.548425776508489e-01
-8.399687333112580e-01 -3.902753685741926e-01
3.312300851892180e-17
2.930447944468209e+00
2.371866516319366e-16
1.562500000000000e-03
3.668723881194323e-12
0.000000000000000e+00
1
0
0
1.289379180451033e-01
0.000000000000000e+00
64
52
5.207942294621772e-01 1.278952081531084e+00
-8.773166753910465e-01 -2.091611421009754e-01
0.000000000000000e+00 0.000000000000000e+00
52
5.207942294557282e-01 1.278952081536266e+00
-8.773166753943463e-01 -2.091611421020529e-01
3.200141681920313e-16
3.633599496641564e+00
2.586787134866685e-16
1.562500000000000e-03
8.271653799148877e-12
0.000000000000000e+00
1
0
0
2.752091970852243e-01
0.000000000000000e+00
65
52
3.317814071649871e-02 -2.070235489091192e-02
-1.117023801563327e+00 -6.536240946524944e-01
0.000000000000000e+00 0.000000000000000e+00
52
3.317814071241681e-02 -2.070235488340736e-02
-1.117023801561060e+00 -6.536240946483914e-01
5.250799068724542e-16
3.821723362971251e+00
2.291763270422845e-16
1.562500000000000e-03
8.541049672631738e-12
0.000000000000000e+00
1
0
0
2.616620579315129e-01
0.000000000000000e+00
66
52
7.441271895610761e-02 4.780130519391267e-01
-1.058444121643598e+00 -5.208231792241500e-01
0.000000000000000e+00 0.000000000000000e+00
52
7.441271895474846e-02 4.780130519385789e-01
-1.058444121643320e+00 -5.208231792240250e-01
1.619250772224900e-16
2.485633563649780e+00
1.687375072186644e-16
1.562500000000000e-03
1.465106782534097e-12
0.000000000000000e+00
1
0
0
3.130626704757732e-01
0.000000000000000e+00
67
52
7.854063491081666e-02 -1.019218555000191e-01
-9.728004318090409e-01 -1.121442033262889e+00
0.000000000000000e+00 0.000000000000000e+00
52
7.854063491119352e-02 -1.019218554987205e-01
-9.728004318080732e-01 -1.121442033262154e+00
3.991914966667381e-15
5.260987659217786e+00
9.549689631501203e-17
1.562500000000000e-03
1.351873944009816e-12
0.000000000000000e+00
1
0
0
1.900783778209208e-01
0.000000000000000e+00
68
52
-3.442100700586108e-01 9.831862449393960e-01
-1.574082482215122e-01 -1.012236329594290e-01
0.000000000000000e+00 0.000000000000000e+00
52
-3.442100700586109e-01 9.831862449393963e-01
-1.574082482215124e-01 -1.012236329594260e-01
2.925210127520842e-16
3.330515968147937e+00
4.420829218432784e-16
3.906250000000000e-04
3.247520958433448e-15
0.000000000000000e+00
1
0
0
3.002537773617369e-01
0.000000000000000e+00
69
52
-6.623825826437055e-01 7.922429131286716e-01
-4.939215017338665e-01 2.357518766153739e-01
0.000000000000000e+00 0.000000000000000e+00
52
-6.623825826394075e-01 7.922429131209745e-01
-4.939215017396018e-01 2.357518766125897e-01
4.330698158459667e-16
8.494126080656258e+00
9.170559825656572e-16
3.906250000000000e-04
8.813553394493683e-12
0.000000000000000e+00
1
0
0
1.177284149663505e-01
0.000000000000000e+00
70
52
-5.714263213648700e-02 7.034031227623198e-01
-2.306132011139746e+00 -3.758965879434881e+00
0.000000000000000e+00 0.000000000000000e+00
52
-5.714263213566295e-02 7.034031227607116e-01
-2.306132011145973e+00 -3.758965879432290e+00
4.481995440006829e-11
4.878564579487876e+01
3.385124153706290e-16
1.562500000000000e-03
6.741616201124832e-12
0.000000000000000e+00
1
0
0
2.049783258388217e-02
0.000000000000000e+00
71
52
-4.297098633344618e-01 1.324713732662562e+00
-1.682054935678487e+00 -1.553353910557785e+00
0.000000000000000e+00 0.000000000000000e+00
52
-4.297098633321626e-01 1.324713732662899e+00
-1.682054935679231e+00 -1.553353910553757e+00
9.930136612989092e-15
9.332415918383143e+00
1.433438152739146e-15
1.562500000000000e-03
4.095165325727412e-12
0.000000000000000e+00
1
0
0
1.071533897273249e-01
0.000000000000000e+00
72
52
-1.121726756538250e+00 -6.014282795889199e-01
-1.809158025848852e-01 -1.030435697197868e+00
0.000000000000000e+00 0.000000000000000e+00
52
-1.121726756538078e+00 -6.014282795887641e-01
-1.809158025848621e-01 -1.030435697197655e+00
1.553690296184544e-12
2.877514318454183e+02
3.324040908950367e-15
3.906250000000000e-04
2.322303422157520e-13
0.000000000000000e+00
1
0
0
3.475221629955974e-03
0.000000000000000e+00
73
52
7.402407427885220e-01 -4.739000256316835e-01
1.050466804711851e+00 -3.799759566471328e+00
0.000000000000000e+00 0.000000000000000e+00
52
7.402407427886252e-01 -4.739000256352038e-01
1.050466804712102e+00 -3.799759566480878e+00
2.415201882150129e-10
7.641568133643442e+01
1.244441109749837e-15
1.562500000000000e-03
9.551611727074523e-12
0.000000000000000e+00
1
0
0
1.308631922808241e-02
0.000000000000000e+00
74
52
-8.208711972656043e-01 1.948027485675964e-01
-3.723174921543893e-01 -3.589157897262488e-01
0.000000000000000e+00 0.000000000000000e+00
52
-8.208711972640239e-01 1.948027485681377e-01
-3.723174921540321e-01 -3.589157897252449e-01
3.788811207836296e-15
5.961686821609696e+01
2.444517351513847e-15
3.906250000000000e-04
1.670267700752525e-12
0.000000000000000e+00
1
0
0
1.677377611274779e-02
0.000000000000000e+00
75
52
-2.797687647147516e+00 1.673409835243014e-01
-8.153481877047846e-01 -8.681896687145957e-02
0.000000000000000e+00 0.000000000000000e+00
52
-2.797687647147533e+00 1.673409835242874e-01
-8.153481877047868e-01 -8.681896687144115e-02
6.625688141173661e-12
2.211036054567949e+01
5.874077855898359e-16
9.765625000000001e-05
2.193724915324907e-14
0.000000000000000e+00
1
0
0
4.522766591408688e-02
0.000000000000000e+00
76
52
4.665794519614945e-01 1.274778425049570e+00
-5.544581761266275e-01 2.574464093843813e-02
0.000000000000000e+00 0.000000000000000e+00
52
4.665794519559556e-01 1.274778425046604e+00
-5.544581761334597e-01 2.574464093229683e-02
7.487051500222535e-16
2.961913465523195e+00
1.675322199241507e-16
1.562500000000000e-03
9.184830932406097e-12
0.000000000000000e+00
1
0
0
3.376195866759933e-01
0.000000000000000e+00
77
52
1.826216277586150e-01 3.556006191030879e+00
1.266569527074369e+00 2.804317303588056e+00
0.000000000000000e+00 0.000000000000000e+00
52
1.826216277586247e-01 3.556006191030859e+00
1.266569527074375e+00 2.804317303588030e+00
1.055053055686115e-09
1.200109733216779e+02
7.999918742198354e-15
3.906250000000000e-04
2.122820746336117e-14
0.000000000000000e+00
1
0
0
8.332571366783234e-03
0.000000000000000e+00
78
52
6.990478320963771e-02 9.600542527165832e-01
-5.238054854772591e-01 5.620736524613282e-02
0.000000000000000e+00 0.000000000000000e+00
52
6.990478320963633e-02 9.600542527165878e-01
-5.238054854772531e-01 5.620736524613146e-02
9.239707106114821e-17
1.908362911205558e+00
2.299990507978025e-16
3.906250000000000e-04
6.248399793616495e-15
0.000000000000000e+00
1
0
0
4.064531316154122e-01
0.000000000000000e+00
79
52
-8.741133969437575e-03 4.011531937498176e-01
-8.962019863858591e-01 -6.817846031701623e-01
0.000000000000000e+00 0.000000000000000e+00
52
-8.741133970536424e-03 4.011531937504411e-01
-8.962019863859731e-01 -6.817846031696424e-01
1.027485076488075e-16
2.835248033401948e+00
1.380734592177345e-16
1.562500000000000e-03
1.263077537999921e-12
0.000000000000000e+00
1
0
0
2.199580689851684e-01
0.000000000000000e+00
80
52
3.403661149179087e-01 1.076481070598120e+00
-6.280760644813702e-01 -2.014196194361486e-01
0.000000000000000e+00 0.000000000000000e+00
52
3.403661149179121e-01 1.076481070598121e+00
-6.280760644813713e-01 -2.014196194361458e-01
9.018874366941498e-17
2.452347566503459e+00
2.172025648162761e-16
3.906250000000000e-04
3.563539207208429e-15
0.000000000000000e+00
1
0
0
3.316001721958157e-01
0.000000000000000e+00
81
52
4.385251456017456e-01 -9.161473701196279e-01
-7.513812596443570e-01 -1.956880435447041e+00
0.000000000000000e+00 0.000000000000000e+00
52
4.385251455987616e-01 -9.161473701219149e-01
-7.513812596470720e-01 -1.956880435447966e+00
2.774053076948616e-12
1.399477649364049e+01
3.066344001550702e-16
1.562500000000000e-03
3.759245538284662e-12
0.000000000000000e+00
1
0
0
7.145523191845331e-02
0.000000000000000e+00
82
52
3.094805722455825e-02 6.928042061918538e-01
-9.355159240485489e-01 -5.159019888570354e-01
0.000000000000000e+00 0.000000000000000e+00
52
3.094805722404446e-02 6.928042061916799e-01
-9.355159240490908e-01 -5.159019888577272e-01
3.265015033462658e-17
4.013099166000703e+00
2.661609461665001e-16
1.562500000000000e-03
8.786207237030821e-13
0.000000000000000e+00
1
0
0
7.071812793417684e-02
0.000000000000000e+00
83
52
-7.522966130969806e-02 6.327523890680319e-01
-7.971449818074573e-01 -6.630854694998377e-01
0.000000000000000e+00 0.000000000000000e+00
52
-7.522966131023853e-02 6.327523890676721e-01
-7.971449818088688e-01 -6.630854695005379e-01
2.561472090136779e-17
6.489429201973087e+00
1.033522045200353e-16
1.562500000000000e-03
1.575275203530714e-12
0.000000000000000e+00
1
0
0
3.327345458487540e-02
0.000000000000000e+00
84
52
-5.854482593847566e-01 1.608734737624013e+00
-1.088614688620912e+00 -1.408305702306945e+00
0.000000000000000e+00 0.000000000000000e+00
52
-5.854482593833829e-01 1.608734737626792e+00
-1.088614688622996e+00 -1.408305702309425e+00
1.534762868622753e-14
4.151321645923328e+00
2.217968618689417e-16
1.562500000000000e-03
3.239641180388206e-12
0.000000000000000e+00
1
0
0
2.408871403597498e-01
0.000000000000000e+00
85
52
-1.492803575974439e-01 -8.045712172904655e-01
-1.328763668490990e+00 -9.690709026852247e-01
0.000000000000000e+00 0.000000000000000e+00
52
-1.492803575974448e-01 -8.045712172904683e-01
-1.328763668490991e+00 -9.690709026852253e-01
3.747491996682189e-14
7.324963948516764e+00
1.924060537209099e-16
3.906250000000000e-04
2.989366980140908e-15
0.000000000000000e+00
1
0
0
1.365194432393746e-01
0.000000000000000e+00
86
52
-1.484137434064855e-01 8.906325588060433e-01
-4.750757740938857e-01 -5.305974632997789e-01
0.000000000000000e+00 0.000000000000000e+00
52
-1.484137434109975e-01 8.906325588095364e-01
-4.750757740997838e-01 -5.305974632957923e-01
3.538325807529124e-17
3.095061410873509e+00
1.561734613806548e-16
1.562500000000000e-03
7.117479532415611e-12
0.000000000000000e+00
1
0
0
7.132110432481170e-02
0.000000000000000e+00
87
52
9.813868473023953e-02 6.903355403069972e-01
-1.409895130766646e+00 -6.467294857883986e-01
0.000000000000000e+00 0.000000000000000e+00
52
9.813868473040072e-02 6.903355403065373e-01
-1.409895130766612e+00 -6.467294857876831e-01
6.743591091684282e-16
2.827399822758511e+00
1.579191773796779e-16
1.562500000000000e-03
7.158802517060518e-13
0.000000000000000e+00
1
0
0
3.536818499989735e-01
0.000000000000000e+00
88
52
3.985047055595883e-01 9.966111141357953e-01
-8.443686451744551e-01 -2.832558868137414e-01
0.000000000000000e+00 0.000000000000000e+00
52
3.985047055675763e-01 9.966111141382467e-01
-8.443686451710793e-01 -2.832558868113778e-01
1.268744945036466e-16
3.617748067202385e+00
1.669040213409216e-16
1.562500000000000e-03
8.354102938890881e-12
0.000000000000000e+00
1
0
0
2.764150464389033e-01
0.000000000000000e+00
89
52
5.676796827227282e-02 6.536112725754778e-02
-1.362824265254831e+00 -4.008272294428745e-01
0.000000000000000e+00 0.000000000000000e+00
52
5.676796826459753e-02 6.536112725720061e-02
-1.362824265253108e+00 -4.008272294414734e-01
6.145525706514757e-16
3.076353257982463e+00
7.439802088542957e-17
1.562500000000000e-03
7.681649967466729e-12
0.000000000000000e+00
1
0
0
3.250601982737903e-01
0.000000000000000e+00
90
52
-5.159971625720665e-01 1.098115128419548e+00
-6.641397838991550e-01 -1.061095317312523e+00
0.000000000000000e+00 0.000000000000000e+00
52
-5.159971625731126e-01 1.098115128419257e+00
-6.641397838975260e-01 -1.061095317312456e+00
6.062306340310545e-16
1.698955549947055e+00
6.334979098989945e-17
1.562500000000000e-03
1.629993665719827e-12
0.000000000000000e+00
1
0
0
5.885969176952058e-01
0.000000000000000e+00
91
52
-1.518925435313895e+00 -1.311351158551844e-01
-1.104521121769554e+00 4.127778342669325e-01
0.000000000000000e+00 0.000000000000000e+00
52
-1.518925435313897e+00 -1.311351158551534e-01
-1.104521121769587e+00 4.127778342669030e-01
9.267749206817357e-14
2.739225315443553e+01
4.793521472652678e-16
2.441406250000000e-05
4.378503414311063e-14
0.000000000000000e+00
1
0
0
3.650667195436873e-02
0.000000000000000e+00
92
52
-6.106142222922925e-01 8.651203788948658e-01
-3.344827100047023e-01 -1.886813290176610e-01
0.000000000000000e+00 0.000000000000000e+00
52
-6.106142222928346e-01 8.651203788938355e-01
-3.344827100049181e-01 -1.886813290174762e-01
2.105957157697951e-16
3.747863281893692e+00
8.472347611203221e-17
3.906250000000000e-04
1.163864610134724e-12
0.000000000000000e+00
1
0
0
2.668186976913223e-01
0.000000000000000e+00
93
52
1.282632859196842e+01 -1.102284319804810e+01
7.058889370992141e+00 -1.193066750060074e+01
0.000000000000000e+00 0.000000000000000e+00
52
1.282632859196901e+01 -1.102284319804642e+01
7.058889370993049e+00 -1.193066750059962e+01
2.934769355510573e-02
8.490514600792958e+03
1.441452345186567e-13
3.906250000000000e-04
1.833008325938798e-12
0.000000000000000e+00
1
0
0
1.177784912950514e-04
0.000000000000000e+00
94
52
-2.142109626971748e+00 7.951986344240610e+00
5.742295958467349e-01 -6.691697772080983e+00
0.000000000000000e+00 0.000000000000000e+00
52
-2.142109626968883e+00 7.951986344239836e+00
5.742295958439849e-01 -6.691697772080560e+00
1.724790397860915e-05
2.389429872803272e+03
1.840004868907443e-14
3.906250000000000e-04
2.967762998564849e-12
0.000000000000000e+00
1
0
0
4.185098760930794e-04
0.000000000000000e+00
95
52
-2.013826799433255e-01 6.226140524671193e-01
-8.196185313538300e-01 -1.139587415524912e+00
0.000000000000000e+00 0.000000000000000e+00
52
-2.013826799438342e-01 6.226140524675580e-01
-8.196185313569747e-01 -1.139587415524531e+00
5.936977151253438e-17
6.014634693397271e+00
3.882101311095179e-16
1.562500000000000e-03
3.166988230759714e-12
0.000000000000000e+00
1
0
0
1.662611365404747e-01
0.000000000000000e+00
96
52
-2.636759670211654e+00 3.018540619254765e+00
-7.543079467141836e-01 -8.519449437050919e-01
0.000000000000000e+00 0.000000000000000e+00
52
-2.636759670211497e+00 3.018540619255736e+00
-7.543079467142063e-01 -8.519449437053316e-01
1.538943579443389e-10
9.078061272297789e+01
9.021510905877273e-16
3.906250000000000e-04
9.838640846405963e-13
0.000000000000000e+00
1
0
0
1.101556786195700e-02
0.000000000000000e+00
97
52
1.724813290432598e+00 7.991338827674728e-01
5.669689382682484e+00 -4.552225987242236e+00
0.000000000000000e+00 0.000000000000000e+00
52
1.724813290432600e+00 7.991338827674759e-01
5.669689382682494e+00 -4.552225987242234e+00
4.276995783899409e-08
6.105489208757405e+02
1.447995205766723e-14
3.906250000000000e-04
1.012679207245471e-14
0.000000000000000e+00
1
0
0
1.637870391394109e-03
0.000000000000000e+00
98
52
1.052281230765876e-01 9.586842730973801e-01
-5.865559378322649e-01 -3.209923487202992e-01
0.000000000000000e+00 0.000000000000000e+00
52
1.052281230765847e-01 9.586842730973778e-01
-5.865559378322635e-01 -3.209923487202994e-01
1.870728412420670e-17
1.593102912076307e+00
8.645883736854878e-17
3.906250000000000e-04
3.749597469998781e-15
0.000000000000000e+00
1
0
0
9.574129772987811e-02
0.000000000000000e+00
