0
52
-4.995046837079981e-01 -3.771910549392358e-01
7.877894731758752e-01 7.377105149814431e-02
1.398673190456049e+00 -9.484084862324064e-01
1
52
5.590772252269679e-01 -1.205495109432408e-01
5.624886488053581e-01 6.242103789248283e-01
1.073375974378737e-01 -9.806379850743906e-02
3
52
1.624365103649664e+00 -1.042563833032229e+00
5.417556978295270e-01 -1.919363996478883e-01
3.471055681527119e+00 -1.413283704795135e+00
4
52
4.606689300430987e-01 -3.690387851431020e-01
6.016440450196993e-01 3.661798665007763e-01
-9.607263613710405e-03 4.815421328040669e-01
5
52
-8.867997728455955e-01 -1.419164262770443e+00
2.334292265600574e+00 -4.870846596954529e-01
1.338989445520881e+00 -1.012673200739066e+00
6
52
2.515808534767144e+00 -4.978610085380365e+00
9.045256899624810e+00 2.861947090952796e+00
2.929146529408266e+00 2.461201881566987e+00
7
52
-7.131372885148884e-01 -3.633506445421321e-01
1.446664665921043e+00 -3.754894091514088e-01
8.275496696307550e-01 -5.207404979347180e-01
8
52
1.090379699571392e+00 -1.188038906301856e+00
3.957131608914523e-01 3.519255038812997e+00
4.176247480661736e-01 1.621883458349741e+00
9
52
3.609048732819399e-01 1.587774100651412e-02
6.259181146933969e-01 4.080399680316500e-01
8.378809924748505e-02 -1.699260194393014e-01
10
52
-5.662469153152189e-01 -1.308240550245419e+00
2.236654699642296e+00 4.064351338284028e-01
2.638197122604694e+00 -1.138825847359391e+00
11
52
-6.372854389644622e-01 -1.108032762453689e+00
-8.198557640031057e-01 3.745284055458145e-01
3.361003937935618e-01 8.188627502429924e-01
12
52
2.777410240503164e-01 -1.334747225236160e-01
-2.080085728338773e-01 5.040397337893251e-01
4.024006423355931e-01 5.810200970512605e-01
13
52
4.327654446843855e-01 -1.266921126936275e+00
1.816270136487662e+00 9.208623375133851e-01
1.773908652990962e+00 1.104755770693281e+00
14
52
-3.611120441486885e-01 -8.266475578116532e-01
-2.325059098358226e-01 6.543030356425772e-01
5.398097990561260e-01 5.817895913801923e-01
15
52
1.218363675627139e+00 -8.724910853984957e-01
1.461575346784231e+00 8.000812692979393e-01
-5.648405693537166e-01 1.822355439827749e+00
16
52
-3.074861351580727e-01 -1.454417763256259e-01
2.344546648391588e-01 4.174998751960122e-01
7.443710692542834e-01 3.569585620247658e-01
17
52
-1.021717394686672e+00 -7.381724964974242e-01
-4.508082522509103e-01 1.623213404306916e-01
7.668936132385658e-01 5.272983344060157e-01
18
52
-2.801947612514608e-01 -5.883280927000024e-01
6.205943645019287e-01 4.466732433164819e-01
7.598146667896963e-01 2.936624109851870e-01
19
52
9.445238327697549e-02 1.172545486417575e-01
9.077247284079324e-01 8.101386131436056e-01
3.083758223723309e-01 9.007946130209280e-01
20
64
-5.80481435738434190950e-1 -3.82579859970724607998e-1
4.98902648879948350317e-1 9.82438934765064155407e-2
6.63474719390477554368e-1 5.28930308567981946534e-1
21
52
-6.556566026615652e-01 -5.660120373625260e-01
9.422826350970451e-02 8.525809688483050e-01
7.886953848974766e-01 -3.362831013601352e-01
22
52
1.953739550088500e-01 -8.893789867013613e-01
6.990989231024000e-01 7.588328657017571e-01
8.226566513981161e-02 5.524009440360134e-01
23
64
-3.39363421862510714961e-1 -2.75881351369835070396e-1
4.11849524679280260876e-1 4.55114114090523637303e-1
5.78709038062342103804e-1 2.31322014027859033529e-1
24
52
-2.055335916789011e-01 -6.224074449334361e-01
4.853333664551848e-01 8.156217612551147e-01
4.699340478416419e-01 4.781451939131340e-01
25
52
-3.903683029286484e-01 -1.454865783028858e+00
5.779873742312734e-01 -9.716783367139674e-01
1.004594364821683e+00 4.047505427362864e-01
26
52
-2.898646807638436e-01 -1.065155999450957e+00
4.493208558978592e-01 9.535117349974643e-01
4.051704887548764e-01 3.063459287831096e-01
28
52
-8.493547663533429e-01 -8.392802171452943e-01
4.080994408862668e-01 1.115134379836375e+00
8.832255393371154e-03 1.218988771264823e-01
29
52
2.131089708213222e-01 -7.263085779965521e-01
5.145157709348616e-01 4.259919757310613e-01
2.327981513199660e-01 5.106425225593101e-01
30
52
1.521592648869354e+00 -5.287888709187737e-02
1.141151791231658e+00 1.604794985290361e+00
5.926673822756561e-01 1.077213183470130e+00
32
52
-7.229053939200550e-01 -3.606199551699303e-01
1.549197423868692e-01 -1.409177340654762e-01
6.846832069853591e-01 4.825543726677035e-01
33
52
5.098770375030374e-01 -5.216981712420454e-01
-3.209010633502403e-01 4.647018446340215e-01
5.542717640615634e-01 4.805213267087591e-01
34
52
-1.675653203431513e+00 -1.000278105456240e+00
-7.113776451564824e-01 -1.502163866960351e+00
2.447518331583349e+00 3.943836426631749e-01
35
52
-5.468554856439362e-01 -4.317159672878154e-01
4.942191324727435e-01 1.112812616647518e-01
6.691939369305271e-01 5.472564814558638e-01
36
52
-4.262534538414014e-01 -5.994279802851675e-01
6.846423270539694e-01 -1.604563885649320e-02
6.940007721298758e-01 -5.541435398058817e-01
37
52
-3.593931680586931e-01 -4.270988768035728e-01
6.242992672203584e-01 3.594252476544323e-01
2.666763275882015e-01 2.220703474612873e-01
38
52
-1.281123986708306e+00 -3.295952462883616e-01
3.355529688400846e-02 8.360796067900360e-01
-1.637075031957573e+00 -1.021827717127058e+00
40
52
-6.040653941244458e-01 -5.293606163971807e-01
5.730496796698669e-01 1.326514323452758e-01
5.196275545333927e-01 5.005822160090890e-01
41
52
-7.209575003289748e-01 -3.894836150306736e-01
6.114785592652210e-02 3.345693321332926e-01
6.665968747393251e-01 4.169950317755922e-01
42
52
2.151421634101154e+00 6.880899289330518e+00
-1.335563743441426e+00 1.491180837246256e+00
-5.288553272766102e+00 -3.479962624413963e-01
43
52
4.120693132804996e+00 -5.656725179962880e-01
3.084346915051314e+00 3.428335874404733e+00
2.629565244027669e+00 1.500811641713563e+00
44
52
-2.577650336875544e-01 -2.625646218117229e-01
5.645989540914630e-01 2.964909439691000e-01
1.038034390312818e-01 -1.933039715713067e-01
45
52
-2.618789624134968e-01 -1.700272276206404e+00
6.588329102545037e-01 -7.608096294182977e-01
1.035514625241740e+00 3.652121339464801e-01
46
52
-2.344992881603828e-01 -9.218834394055785e-01
4.408569321898261e-01 3.453418810414025e-02
4.904435187890727e-01 -3.506081820060258e-01
47
52
2.434451696028885e-01 -1.553228543491507e+00
-6.194361417288994e-01 -2.149828681415456e+00
-2.168306138500146e+00 -5.045232080781588e-01
48
52
-9.975916510535155e-01 -4.986966916392579e-01
1.646660550375749e-01 1.054292845004729e+00
-6.811340532280473e-02 -1.516933567829656e-01
49
52
-1.645053933772243e-01 -1.039366831817950e+00
1.037114253563208e+00 1.190721285724386e+00
7.660149092291945e-01 5.844962413790775e-01
50
52
-3.699288750904257e-01 -1.295438897952756e+00
1.162365625015745e+00 1.847355552602893e+00
1.748119356367636e+00 6.124525272173089e-01
51
52
-3.461246300535796e-01 -1.202469436684072e-01
7.934223955466745e-01 7.063246420082969e-02
1.128309102611770e+00 -7.661182916097253e-01
53
52
-2.338376323672247e-01 -8.568771584118142e-01
6.268088097321658e-01 1.293106424635607e-01
6.617367347700396e-01 -1.875573433031135e-01
54
52
-8.367613067293689e-01 -1.638717774481803e+00
2.224315919165057e-02 8.486361689648892e-01
-1.227739616247845e+00 -5.845564563727271e-01
55
52
-3.192807780009681e-01 -9.270147432812851e-01
7.589580543196022e-01 2.559426244062267e-02
6.512012900403207e-01 -2.913986753498816e-01
56
52
-3.886232516807850e-01 -8.447120211864444e-01
6.448781963187924e-01 9.164722262855536e-02
5.505143129901898e-01 4.273830165972843e-01
57
52
-5.429960032981097e-01 -7.797696213564601e-01
-1.230409163724056e-01 4.039025086189880e-01
7.011712041241180e-01 4.307245860535548e-01
58
52
-1.185534196447198e-02 -5.746736203924447e-02
6.333901593144046e-02 3.492904037949850e-01
4.941891981777179e-01 4.950654109149688e-01
59
52
-5.291196602279887e-01 -4.447172942743269e-01
1.307895945139717e-01 -7.124410793548015e-02
6.667160290953369e-01 5.444927245840577e-01
60
52
-3.558591303734061e-01 -6.007390687279409e-01
-1.665786305520640e-01 4.473841490746269e-01
8.116039871695205e-01 6.387017952534823e-01
61
52
-4.612887487061969e-01 -9.265431353637255e-01
6.777741258303869e-01 9.756664895448218e-01
-1.162535053878165e-01 6.238392064425067e-01
62
52
3.359444786806572e-01 -7.546844717134208e-01
6.422497361514621e-01 8.025210952770261e-01
1.284359854132829e-01 2.182015008084381e-01
63
52
-5.210801369525085e-01 -8.384932359215885e-01
8.104226826796517e-01 -1.911150929252049e-02
2.728327277353516e-01 4.067783097987086e-01
65
52
1.819440865165320e+00 -1.172230025297636e-01
1.072452093857527e+00 1.419144008518159e+00
3.533139248957639e+00 1.737164606873896e+00
66
52
-3.377664604940959e-01 -7.419571956851044e-01
2.525025656486005e-01 5.253843621142162e-01
6.823003953106423e-01 2.152100326983028e-01
67
96
-3.15712768858428116734896640855e-1 -7.49920530404054159998235513836e-1
6.33187926082394107920483054391e-1 3.84382176290397755290359734253e-1
4.35649720021669139517084668163e-1 3.95952979035654512746278332392e-1
68
52
1.190316852246487e+00 -8.441050033803643e-01
7.512955191330477e-01 1.728437964868894e-01
2.720762451118791e+00 -1.053539108426262e+00
69
52
-1.121353027457474e-01 2.349881771755770e-01
4.901340567325891e-01 2.871877930820815e-01
-4.141756012703696e-01 -4.978692863203068e-01
70
52
-8.469219230454412e-01 -1.413286742217772e+00
1.340010476820212e+00 -4.213241768826745e-01
1.351683691536764e+00 4.198199636841247e-01
71
52
-6.965819353090263e-01 -1.118403142037232e+00
2.099146333573866e+00 1.561873431790594e-02
2.359442113969831e+00 -8.495546331614947e-01
72
52
-5.856857970745961e-01 -8.329334103519085e-01
7.228232936268293e-01 1.102607512928826e-01
6.025679055609656e-01 3.475106841541490e-01
73
52
-1.894390448420317e+00 -8.626314665737511e-02
-1.348781526280110e+00 2.714803270911004e-02
5.299207674705870e-01 2.602352396867448e-01
74
52
-1.497330365991455e+00 -2.212229857352702e+00
3.611127913486931e+00 1.461030399981406e+00
9.957118174233871e-01 2.673661040715374e+00
75
52
-7.204992586872159e-01 -8.899002910217070e-01
2.635612201067048e+00 4.382296641620191e-01
1.660625701171872e+00 6.326134671768425e-01
76
52
-1.687425831141516e-01 -9.571447122055624e-01
5.369529074612809e-01 8.622252575962750e-01
4.116948840542433e-01 4.222279881011904e-01
77
52
-1.913974677474964e-01 -1.036761289850478e+00
5.671346854551964e-01 6.975503331749627e-03
4.556282862532065e-01 -1.969957473754524e-01
78
52
-8.112450767349987e-02 -1.032044069790359e+00
7.085401303443110e-01 8.320417268423895e-01
1.471646814176200e-01 4.494891497056838e-01
79
52
-4.518317816579750e-01 -1.388228653723630e+00
1.392469064310278e+00 -6.967914396929703e-01
7.746156200767593e-01 -5.388113719751521e-01
80
52
-1.419451887547273e-02 -1.007056979943195e+00
4.988779039851933e-01 4.728731004666057e-02
2.414732306838024e-01 -1.569131785702889e-01
81
52
-2.001726572028517e-01 -1.118855433396969e+00
3.384109489665856e-01 -1.412007041498474e-01
6.353636904614969e-01 -3.664044702635785e-01
82
52
-3.196772974464207e-01 -2.113715808583035e-01
5.572109843168820e-01 3.955672222763161e-01
6.952680747759563e-01 -1.892603727116201e-02
83
64
-5.97597493530263512034e-1 -4.33604260313028402711e-1
5.05779203316223935664e-1 1.08973867008590866520e-1
6.80017869477439776957e-1 5.35119493584451693204e-1
84
52
-4.882564651060036e-01 -9.610646674664883e-01
-5.734516787232099e-02 1.101779584860849e+00
8.041716841421632e-01 -2.427614954884462e-01
86
52
2.762870396859168e-01 -8.498290257373052e-01
9.052232619150589e-01 9.665356931734157e-01
-1.088371926208108e-01 2.364087660831130e-01
88
52
-2.986602828909388e-01 3.957147087583316e-01
7.222644349813153e-01 1.184822919079451e+00
-7.135946366021810e-01 3.454156938249109e-01
89
52
-6.792300733689286e-01 -5.094323056809100e-01
1.865534135644527e-01 -9.315566025629107e-02
7.107951097153289e-01 5.246448059621507e-01
90
52
-5.607156686151725e-01 -5.473367270589027e-01
5.669115396185427e-01 1.394639439201700e-01
5.171841535519025e-01 5.128065273974745e-01
91
52
4.739899673255852e+00 -7.192289177705818e-01
1.632589248855949e+00 6.976967356292188e+00
2.852429788086905e+00 3.370730041417691e+00
92
52
-3.624219297366667e-01 -9.580441593174357e-01
1.864600360278905e-01 -1.143637179238291e+00
1.129150522407595e+00 6.948097040952311e-01
93
52
-2.350133411625478e-01 -8.029244294693564e-01
6.549449419512696e-01 1.629739988468115e-01
8.917963208866585e-01 -3.523592985806615e-01
94
52
-9.211238099739738e-01 -1.594166930732471e+00
3.883363520257709e-01 -1.411801798265329e+00
1.936594274943441e+00 6.532242139012334e-01
95
52
-3.784834774605568e-01 -1.026781250782506e+00
1.072432876049353e+00 1.312294537057017e+00
2.522142089420415e+00 2.691352747926853e-01
96
52
-3.839965379846136e-01 -1.117339515415091e+00
4.998226676645342e-01 1.143535833910896e+00
5.663454561873869e-01 4.171027669311109e-02
97
52
-5.673231560385926e-01 -5.281541729226533e-01
9.590353405271889e-01 -5.077930272972252e-01
1.629654285480050e+00 -6.099630577363460e-01
98
52
6.012034612095947e-01 1.153355867227061e-01
7.808409583751252e-01 -4.149764817556396e-01
3.635286356983377e-03 -1.985517653447837e-01
99
52
2.293007614762632e-01 -5.440813448216240e-01
2.485599516806726e-01 -3.820962234050411e-01
4.248167746072639e-01 4.699228136604399e-01
100
52
-2.554336000047578e-01 5.732990062852141e-02
7.054362461682264e-01 3.626293996949325e-01
1.229497452484640e-01 1.206548625144068e-01
101
52
-1.115204377336405e+00 -3.167031793680533e-02
1.724717277067480e+00 -1.038796437835996e+00
1.787564544502341e-01 -8.424291359015876e-02
102
52
-3.414962010578535e-01 -9.728968074926313e-02
6.779669625306554e-01 -1.557217458634358e-01
4.423938268965877e-01 -1.071622353022033e+00
103
52
-1.605518303865605e+00 -2.219529725812051e+00
2.605368760618936e+00 1.882754953897321e+00
1.138767670274868e+00 1.251641260213010e+00
104
52
3.329606921499781e-01 -1.140592555519244e-01
2.258053981829165e-01 2.183476558718133e-01
3.733345613776768e-01 5.668813731745758e-01
105
52
-4.708298045766809e-02 -2.183872293775442e-02
9.115870910905448e-01 4.674067719637309e-01
-1.396061057111822e-01 6.173093463336453e-02
107
128
-6.765555792182486653113596983262023074442e-1 1.340521209179539813662637709148601032224e-1
4.558353645558921977199294873522223239065e-1 1.853194648047438208501017925751121183033e-1
1.338479527740334767187078853483145274847 9.445879347426764465769777580368924713742e-1
110
52
3.079435160724862e-01 -1.676696568328581e-01
2.419546836775103e-01 4.383950554330939e-01
4.442998348058431e-01 4.457809498385052e-01
111
52
5.556973833560949e-01 -6.881320354183491e-01
8.429056362827081e-01 1.093185984381668e+00
3.860880252863142e-02 5.544519277337683e-01
113
128
-6.765230365894299148875869394948178361575e-1 1.342063206971183620247510538171878881274e-1
4.556897072181728662442306651819414021704e-1 1.853972240388563649388914631315359553385e-1
1.338682364243805410640347984593043906608 9.445760751778060420163566108153303800134e-1
115
52
-2.686210176473159e-01 -7.331796325587203e-01
6.393741324066052e-01 3.027479156611437e-01
5.392501101403702e-01 8.930295257956747e-02
116
52
4.241469277072328e-01 5.220594828243189e-01
9.428989348204099e-01 -1.367438589954571e+00
-6.966260202099141e-04 -6.829066910473450e-01
118
52
1.604659346839824e-01 -5.210150720094593e-03
6.802225293227988e-01 2.338279834501321e-01
1.016217119036414e-01 -2.437727936125799e-02
119
52
-5.098180646958607e-01 -4.398805568520078e-01
6.386670657568388e-01 -2.084998628424354e-01
9.274546251425567e-01 4.489676791350563e-01
120
52
-1.437229388263415e+00 9.299151845337086e-01
8.638866647384905e-01 -1.378771172390785e-01
-2.021794616834200e+00 -1.613340612289994e+00
121
52
3.346507023385977e-01 -5.497853636237610e-01
4.982736990212213e-01 -1.494950320262039e-01
3.783467711660797e-01 5.839141851218533e-01
122
52
1.129971112712857e-01 9.610437696387040e-01
1.035660689441355e+00 -4.999567802803178e-01
-1.870671686590508e-01 -5.964648610533000e-01
126
52
1.250766825706832e+00 1.253885296541322e+00
4.269181987888031e-01 2.296780892391697e+00
-1.096259722082023e+00 -5.784742895914886e-01
127
52
-2.027294757513117e-01 -7.899558666294524e-01
6.621874723690159e-01 3.513511709604112e-01
5.981218938911145e-01 9.038847677870916e-02
128
52
5.161908573101549e-01 4.705683886611404e-01
-5.840565730783153e-01 -1.808060560308723e-01
2.626064053892123e-01 1.304722281006185e+00
129
52
-1.184015402329288e-01 -2.625302517875022e-01
2.287325097223184e-01 4.065506727725822e-01
5.483791491262495e-01 4.042782880826394e-01
130
52
-4.400883613087249e-01 -6.788475001553141e-01
7.236584882625100e-01 4.250651972705475e-01
3.722582589890541e-01 2.596892689723302e-01
131
52
6.227895055279705e-01 -1.058954527754552e+00
-9.513195037129956e-01 -1.718759764996224e+00
-3.222829032373922e-01 2.193217378532496e-01
133
52
3.500880947377244e-02 -1.910476551650399e-01
4.354298932246684e-01 -5.327337903148206e-02
3.604839995553077e-01 4.195274386325558e-01
134
52
-5.959923818141424e-02 2.238009915077525e-02
-1.390859550871032e-01 3.298967632788824e-01
4.574415996613274e-01 4.873379580403137e-01
135
52
-4.261196985933250e-02 -4.124700643440916e-01
9.158143256100144e-01 7.127646937546397e-01
3.765774540013117e-01 7.511695446211186e-01
137
52
-5.125950910035006e-01 -5.751262136667517e-01
7.738326656049505e-01 -2.352675565496499e-01
7.360669202487934e-01 3.816440385359892e-01
138
52
1.338614750819266e-01 -1.429394030162670e+00
8.299511576003623e-01 -6.366880228060191e-01
1.185124509008010e+00 4.074666207726936e-01
139
52
-3.637303573210249e-01 -6.218872727837605e-01
6.490343580672085e-01 2.949713256458143e-01
5.856101843088223e-01 1.388570939857726e-02
140
52
-6.670070422966761e-01 -7.361664656140487e-02
1.112498361247737e+00 -1.631134052658319e-01
-1.345087055344370e-01 2.805518630226428e-02
141
52
1.147999099311717e-01 -7.800278646680325e-01
3.272467644215877e-01 2.609610096877029e-01
1.147754623534242e+00 8.821253522280269e-02
142
52
-7.393184543088860e-01 -5.271606688947100e-01
6.155060817191947e-01 6.750833638001958e-01
-1.827609226450771e-01 2.051190825887519e-01
143
52
-4.712737759006401e-01 -4.558408992384758e-01
1.087036832545806e+00 -9.387514957471632e-02
9.139893496424008e-01 3.137694390353526e-01
144
52
-3.787206226063871e-01 -7.509179625296185e-01
7.789264906613587e-01 -3.460056774467099e-01
1.203932980772030e+00 -2.123569502677532e-01
145
52
-3.811835282623478e-01 -5.256141159505165e-01
7.918075876328202e-01 2.691885672683809e-01
7.498425342647487e-01 4.260017455655875e-01
146
52
7.533016381071553e-01 -2.856164844984485e-01
-6.651828107159254e-01 1.142195871604047e+00
1.680883203483284e-01 7.843987132681839e-01
147
52
-7.386557129444944e-02 -2.248534205926497e-01
1.052608486839280e+00 6.748063718077351e-01
5.570650616689219e-01 8.122576611181850e-01
148
52
3.879051592851381e-01 -7.803429532323465e-03
7.203088505503767e-01 1.391925026971212e-02
5.226875742350622e-02 7.546787122159011e-01
150
52
-6.321873688894188e-01 -1.376363117465179e+00
-1.566020705198710e-01 4.547160959905935e-01
-1.374608295473369e-01 -1.068015652018234e+00
151
52
-2.966634651636757e+00 -8.319806064290347e-01
5.546386768403964e+00 -1.291476775899537e+00
3.831421232201076e+00 6.274422785781633e-01
152
52
2.793502809472780e-01 -1.403991362436944e-01
5.904912924029651e-01 2.426314112925299e-01
3.035796900359329e-01 1.628869501266454e-01
153
52
-5.637350776729367e-01 -6.358760546833796e-01
6.513100741875624e-01 5.357974143846680e-01
6.762375676134817e-02 4.860422757328759e-01
154
52
-4.369346394991487e-01 -3.319093948766745e-01
5.883279667631107e-01 3.160710337974665e-01
1.145084471352209e+00 5.935783654226635e-02
155
128
-6.766728632184709714013125073020124942530e-1 1.341574557856551434301419711252696044895e-1
4.556951377003228560098375157311672092496e-1 1.852322027236672243104988223543899378742e-1
1.338591280351468491447162164250998162096 9.447576949098545941617584457075561983733e-1
156
52
-4.130622872081571e-01 2.251496507225692e-01
3.380048407613592e-01 9.373249039110884e-01
2.906707549964082e-01 7.026984311826250e-03
157
52
-4.656150716616747e-01 -4.101268532531530e-01
8.029245752527783e-01 1.792411562158551e-01
7.653695630528231e-01 3.283565899940943e-01
158
52
9.699332337395944e-01 -3.222807303385215e-01
5.776208605543152e-01 -1.742737948601713e+00
-7.673494248808619e-01 -6.072153971005457e-01
159
52
1.339071200725851e-01 -8.089645131216362e-01
-2.849755639625998e-01 6.605842229981007e-02
8.157091468608375e-01 5.021795854408239e-01
161
52
-5.091563843341084e-01 -3.923335231541656e-01
8.277251720584174e-01 -3.016122711974120e-01
7.278371094068055e-01 3.372607647853085e-01
162
52
-5.618978669906877e-01 -3.804299892122132e-01
9.880592667424987e-01 -4.824316335865002e-01
1.305343579027706e+00 -6.124806734593493e-01
163
52
1.974721897413184e-01 2.710962804553313e-01
2.421478450536597e-01 -1.206261693971611e+00
9.432032551528259e-01 1.144026784570441e-01
164
52
5.759544723019985e-01 -3.593660399957918e-01
-1.498806653722764e+00 1.730166419712137e+00
3.098168471785004e-01 1.718712666398272e+00
166
52
-1.811427980689979e-01 -7.207185893704208e-01
5.493233398659771e-01 -5.878080796489712e-01
8.747410624553112e-01 3.178980440830628e-01
167
52
2.507156391151568e-01 -3.831772828590220e-01
-2.440495655237627e-01 -2.109961905225352e-01
4.374993875688765e-01 5.815801082913341e-01
168
52
-5.508966911369141e-02 -1.351390780720757e+00
8.076601379818499e-01 -5.362686283270753e-01
6.408208806377966e-01 -7.440368164863227e-02
169
52
-5.255885431352602e-01 -3.339318383945721e-01
9.814203837426082e-01 -3.939540337405742e-02
8.942018209699990e-01 3.587713500862943e-01
170
52
8.997301278675540e-02 -8.712905873153365e-01
-6.295735681393246e-01 1.516089968910344e+00
3.572857628211843e-01 9.206141642991938e-01
171
52
-5.820033091759295e-01 -4.615317219634633e-01
7.539413041350277e-01 7.305718622378310e-01
5.230498011661391e-01 7.247054185806543e-01
172
52
4.701305695867448e-01 -1.058627204737922e+00
6.537968059977332e-01 1.017383488453315e-01
1.652467468569310e+00 1.563442228379317e-02
173
52
3.090899802716134e-01 -1.762371267229899e-01
-8.760226599566610e-02 -2.126139236397272e-01
4.011679938436579e-01 6.212832949203313e-01
175
52
-3.700512595848812e-01 -4.974779348380410e-01
4.271501303420903e-01 6.602219330092970e-02
1.509075417564539e+00 4.986073547528076e-03
176
52
1.682156596248536e+00 3.735956251575641e-02
-3.221300689808593e+00 1.796474259410395e+00
-3.784032743624941e-01 2.037202776126100e+00
177
52
1.008424991067285e-01 -6.123193632408935e-02
2.298714850126274e-01 5.347097015586865e-01
7.386486746855488e-01 6.962934772759261e-01
178
52
-2.821364738251066e-02 -2.752528675494087e-01
7.141782362400572e-01 -1.086834365108034e-02
6.357856893515703e-01 2.582759909619409e-01
179
52
-1.145277201775005e+00 3.295273245956054e-01
1.715487577579784e+00 -3.126457282364910e+00
5.580964914863246e-01 -1.012538801150505e+00
180
52
-5.668104714550810e-01 -1.092472862833600e+00
2.141955679656716e-02 1.949565110223208e-01
5.127660301174152e-01 -1.018731947834207e+00
181
52
-3.424128175868371e-01 -3.015647637783658e-01
8.051281175526913e-01 1.177736508090396e-01
6.821501484982105e-01 2.815727921074443e-01
182
52
-4.881294552895646e-01 -6.619943676065163e-01
3.729734412825779e-01 7.443592165958089e-01
5.555330415415248e-01 3.834360466486749e-01
183
52
-3.117745089656171e-02 -3.710919339136645e-01
-1.150315659710313e-01 2.267490084155402e-01
4.967304248424939e-01 5.071502549876538e-01
184
52
5.995610281641284e-02 -1.235535162102888e-01
4.014931363693866e-01 1.077437818234859e-01
1.239648025340048e+00 2.292633672852822e-01
185
52
-2.000852477552507e-01 -1.195194112348375e+00
-5.746537722702764e-01 -6.158107689997422e-01
1.039528617330626e-01 5.422189132291173e-01
186
52
2.210172168048774e-01 -9.831392976607090e-01
3.514943988936671e-01 -3.532649669511126e-01
6.107609515329078e-01 -1.907829527838795e-01
187
52
-3.121348145857594e-01 1.998250945031212e-01
1.216326881967324e+00 -1.881044649501449e+00
2.285617245336635e+00 -1.818510314418975e+00
189
52
-1.581117814167456e-01 -3.748458174903836e-01
1.099525083011102e+00 1.302719656850184e+00
-6.763414415966224e-01 1.389705011352250e+00
190
52
4.734501204786296e-01 -9.110798728910908e-01
4.436253102444087e-01 -6.364019048135269e-01
8.727146999321679e-01 6.848897494209507e-01
191
52
-2.605642384674471e-01 -2.505183512845947e-01
5.147066645679466e-01 -1.248583359905779e-01
8.712712832437999e-01 4.617040954823450e-01
192
52
-3.994461254293727e-01 -2.705265451610709e-01
7.610012402876244e-01 2.097162954539161e-01
8.864504845011787e-01 -1.575939886896369e-01
193
52
-6.911898487054395e-02 -2.657375728620992e-01
1.311697707675142e-01 -1.909279441058734e-01
4.176838889898082e-01 4.900946377312819e-01
194
52
2.919435371020839e-01 -2.050757669698926e-01
5.177285669663073e-01 5.638961917737819e-01
2.840261179470005e-01 1.920102022725462e-01
195
52
1.294507252857382e+00 -1.734751495296068e+00
2.330851073145638e+00 -9.816477330263770e-03
1.182996864381675e+00 8.720018985525066e-01
197
128
-6.767202386670413707881306514473634613756e-1 1.341105673014958646676923785057666192191e-1
4.557180171511595552014929987613169962724e-1 1.853957352301638814848441761135025937738e-1
1.338651925295034131411306716960061762654 9.446041673432234876297832491022102764396e-1
198
52
-6.802667100369733e-02 4.892433103860670e-01
7.153354124580198e-02 9.763918125722757e-01
3.628569866813933e-01 7.969364023576429e-02
199
52
3.955849893172503e-02 -2.750206763303910e-02
5.948067286044407e-01 -6.081018018948737e-01
3.950274439847572e-01 3.340780307226488e-01
200
52
1.570895555755295e-01 9.793580925497797e-02
5.796798182884559e-01 4.127547750276890e-01
3.933953170772228e-01 -3.018762821839027e-01
201
52
1.786078831047260e+01 -3.660831889990321e+00
1.659510935644806e+01 -1.318601505859449e+01
7.941689094737234e+00 -1.407472003827314e+00
202
52
-4.885443276388100e-01 -5.030741939715266e-01
4.210109469926915e-01 -9.535237941368958e-02
6.083597948085527e-01 4.692730845193571e-01
203
52
4.459709314809361e-02 -3.220123889587332e-01
3.580489690973772e-01 -4.105932278251971e-01
7.567136995717636e-01 3.999208905555863e-01
204
52
4.828666901781431e-01 -1.781911763319933e-01
5.913489457461226e-01 -8.708708550396746e-03
2.078421804615676e-01 -3.775424595065576e-01
205
52
-4.348052441553212e-01 -5.265558503235268e-01
8.375716461684112e-01 8.486837123019725e-02
6.392316883912552e-01 -1.292929099701917e-01
206
52
-2.965504496214858e-01 -8.556862923554180e-01
3.315662927997011e-01 7.327011314504700e-01
5.510463531484312e-01 3.800371689744302e-01
207
52
2.773590790242362e-01 -8.299220398688882e-01
-6.759518002631795e-02 3.598578980898444e-01
9.196230147443158e-01 2.622478599752874e-01
208
52
4.775021849791675e-01 -9.439912056347199e-01
8.889702391562389e-02 6.748549095712084e-02
1.340823163822707e+00 7.967984121222622e-02
209
52
3.003152166249737e-01 -5.361963956268778e-01
2.750073671756472e-01 3.128471256204360e-01
8.817038550671974e-01 2.309697581889219e-01
210
52
-2.786676299841512e-01 1.849640261576607e-01
1.178935153583071e+00 -5.624525158477368e-01
-4.385680445166353e-01 1.657453591665409e-01
211
52
-2.712905893633015e-01 -5.214972909893938e-01
7.693791125037361e-01 1.259633287647387e-01
7.289830333448792e-01 3.342730072119135e-01
212
64
-2.76137351416829009750e-1 -4.04767194786911845792e-1
5.80356007529613996776e-1 4.16921631020269902048e-1
4.27391627696983296430e-1 2.52663588105367461844e-1
213
52
-8.261642449201392e-02 -8.818235446593921e-01
1.474264318656850e+00 4.949309581454079e-01
8.551740620378104e-01 9.857885995352799e-01
214
52
-6.853017380210070e-01 -2.157958345060250e-01
1.160061657497354e-01 3.915516208554765e-01
1.056742988009016e+00 2.702812116710037e-01
215
128
-6.765386783576415309327560467230850475154e-1 1.339876927664601184343619855801353448730e-1
4.557051456626190220523156953256186162385e-1 1.854209954826413514597346036281218689849e-1
1.338642823826283953105469158685941288175 9.445637566730558645031677803041820048161e-1
216
52
-2.637931511510800e+00 6.854040283192800e-01
7.684850892875420e-01 1.650354378112734e-02
-4.025831916760512e+00 -1.495504191249827e+00
217
52
4.986165950471381e-01 -8.129192309919182e-01
2.473124633997013e-01 2.506459465775851e-01
1.258584667672513e+00 3.939576722399392e-02
218
52
-2.747831265028085e-01 -1.745317956519830e+00
-4.886657507641277e-02 -8.356035021788905e-01
-5.188656740609118e-01 1.211535152372798e-01
219
52
3.474768205452283e-01 -1.346868699648579e+00
-7.643735043833973e-02 -5.427715035192348e-01
4.043175881342778e-01 -5.858806058088392e-01
220
52
5.523797511077579e-02 -1.046739215945166e+00
6.255057655489327e-01 -2.403005874551936e-01
6.443919471363793e-01 6.068177613767051e-01
221
52
1.308291030398480e-01 -1.328952298862852e+00
1.445269377253303e-01 -9.679954714368151e-01
1.728102179503944e-01 2.156666857705669e-01
222
52
2.466463558784017e-01 -3.119396889277746e-01
4.457811499934497e-01 1.181528177905871e-01
1.639384293124612e+00 1.037860363127891e-01
223
52
-2.269644006262379e-01 -1.262573429037028e-01
7.164105097845676e-01 -1.019489347918591e-01
2.387183440021871e-01 3.878528972136570e-01
224
52
-4.863892447815293e-01 -4.234429271794232e-01
4.268963988457405e-01 4.569728919474219e-01
6.488678483102456e-01 2.479250714647167e-01
225
52
2.399779018969430e-02 -1.222499731876008e+00
-8.048363437302846e-01 -6.834571577972495e-01
1.235056193627692e+00 5.841922094531307e-01
226
52
-1.959769200784375e-01 -7.268177164227861e-01
4.493982998870557e-01 2.418612987835740e-01
1.072357142206438e+00 1.750288301749561e-02
227
52
-2.597544993949175e-01 -5.659768116897191e-01
5.341571648138099e-01 3.263468588940777e-01
8.983776751311335e-01 1.530651898748044e-01
228
52
-3.713122085689698e-01 -1.533803141568139e+00
-3.329719900668366e-01 -6.034514492867021e-01
1.223145583596227e+00 -2.244933461603632e-01
229
52
3.548203912094913e-01 -4.332817725384527e-01
2.739085941465669e-01 -3.396878369258195e-01
6.938157970614240e-01 3.868330861235280e-01
231
52
9.496743579547942e-02 -9.615966879958171e-02
6.725702533841038e-01 4.690703943988885e-01
1.296740152226436e-01 1.316547120168952e-01
233
52
1.767284661642823e-01 -2.344335017586208e-01
3.514941969569126e-01 1.116727598528436e-01
9.638937987722349e-01 2.966247289844895e-01
234
52
2.173802037316220e-01 -6.525627646091077e-01
2.146876632539702e-01 -7.438462280108854e-01
6.912968879621380e-01 2.882965544691690e-01
236
52
2.088278166605579e-01 -1.500942239778821e-01
4.707509294241336e-01 4.430237183513415e-01
2.998872209824684e-01 3.075827030118020e-01
237
52
-6.550274845066760e-02 -1.069917701866298e+00
7.387274560867494e-01 9.962292636723252e-01
2.106098449981870e-01 1.856643773387085e-01
238
52
-4.846447314802052e-01 -3.187314052647568e-02
3.461533673672691e-01 3.540741360653039e-01
1.167660765936004e+00 -5.295227295062935e-03
239
128
-6.767527756846646805117697519616995558722e-1 1.339562646151552706493439197501099314205e-1
4.558637596957973346087974937981068924590e-1 1.853179595677462347128826728708769549424e-1
1.338448982024963016374008230225509318690 9.446160024065157179483952227706422970964e-1
240
52
-2.927020450537429e-01 4.657468553931849e-01
4.361187198994045e-01 1.433771119270322e+00
-4.059711762359652e-02 -9.845801762137306e-01
241
52
-5.382868715994605e-01 -5.835879063149474e-01
1.132170727090826e+00 -1.019329674479380e-01
1.087293983286704e+00 7.473175413763640e-01
242
52
5.269562704301279e-01 -9.736046244454659e-01
-4.041608749327255e-01 1.312069539809254e+00
3.453633909543482e-01 6.284683919544545e-01
243
52
-1.270855369696570e-02 -1.495587569098159e-01
1.437706695658912e-01 5.844836264482524e-01
5.429254490044793e-01 5.788397648026563e-01
244
52
6.413751867381705e-01 6.158138878210682e-02
1.021833616113655e+00 3.553911888442369e-01
-3.874875165311169e-02 5.233660213514137e-02
245
52
-5.338377802507442e-01 5.265105631624453e-01
1.599232474659809e+00 -1.910556966034107e+00
1.105264646477072e+00 -4.231186651437259e-01
246
52
4.403949762398832e-01 -7.062072088576271e-01
1.526226249903187e-01 2.907259120792722e-01
9.257257919521441e-01 2.123811052712671e-01
247
52
3.337885883929421e-01 -1.405432533434652e-01
1.844003654748860e-01 4.011528902255764e-01
4.470565692156749e-01 5.177647571859215e-01
248
52
1.374485673089643e-01 -1.283254883836991e+00
4.580565222221194e-01 -5.865113306965325e-01
7.411650860120308e-02 2.831054839664535e-02
249
52
4.933956685880779e-01 -5.172113460109955e-01
5.301234420855914e-01 -4.287718411288663e-01
1.072956805241677e-01 -1.168436133978752e-01
250
52
-2.642439175582447e-01 3.689512404197008e-01
2.096090372947050e-01 -4.469043461582250e-02
1.591885421247722e+00 -4.987984423538724e-01
251
52
-1.270737441010887e+00 -6.507505326243846e-01
-4.802588455691140e-01 5.901420318401332e-02
3.544332065582657e-01 8.302722018015719e-01
252
52
7.227615551576444e-01 -1.445274517617476e+00
1.357813708583153e+00 1.135073799723725e+00
-3.130430273700056e-01 1.589233736528171e+00
253
52
-6.597098156991985e-01 -7.193378026115465e-01
6.404892171280113e-01 5.378734402386041e-01
1.483954845940092e-01 4.357502252407590e-01
254
52
-2.347750267383145e-01 -4.526007578766734e-01
4.271651431139463e-01 4.699955593794080e-01
5.506542299694257e-01 3.160859672250015e-01
255
52
8.485056500119468e-03 -1.217472138598931e-01
3.604950085100246e-01 4.376857499898136e-01
4.801696585698303e-01 3.221209463138552e-01
256
52
-7.482850350228128e-01 -1.644381413148282e+00
2.290155370574109e-01 8.633716664411906e-01
-9.761481689912767e-01 1.190085772733059e-01
258
52
-5.661670606509552e-01 7.885270600926284e-02
1.280875525558018e+00 -1.853641388463869e+00
7.998662024556462e-01 -3.099321731705001e-01
260
52
2.371006261992647e-01 -3.018891965708759e-01
4.457665632142553e-01 7.332113942455346e-01
3.771740296360275e-01 4.570170452221878e-01
261
52
-5.352914059092371e-01 -1.158839318854908e+00
1.283941072594385e+00 -7.579915109564073e-01
1.493584412739342e+00 7.505406545348632e-01
263
52
-6.189293020134138e-01 -4.672154357030412e-01
4.406749467980673e-01 -1.321770715305504e-01
6.210354012766236e-01 4.378133386952328e-01
264
52
-3.233881017910770e-01 -1.464964198053744e+00
1.162744474489426e+00 -8.587267281529994e-01
2.066809973239840e+00 8.999157916935240e-01
265
52
-5.807828930265621e-01 -7.522602609448009e-01
6.428181264546100e-01 5.318443637067540e-01
1.513266804901367e-01 4.997295370783373e-01
266
52
-4.051951302306122e-01 -5.152345970450336e-01
4.250861671396011e-01 4.628108519112821e-01
6.424844268524886e-01 2.971246912283945e-01
267
52
-6.184522411067431e-01 -9.409109214109207e-01
-4.241033137641193e-01 2.951585831563817e-02
1.333413520978794e+00 9.562119943749722e-02
268
52
-1.306760485089407e-01 -3.867985875440630e-01
4.009139066546242e-01 3.651918746649241e-01
8.757979767005232e-01 3.673066725133450e-01
269
52
-4.702079754407744e-01 -1.680670671078140e-01
3.369885499830060e-01 4.977216901406881e-01
3.218514995841490e-01 6.448698855210372e-01
270
52
2.786142828598234e-01 -5.161748882928303e-02
-3.072637929781114e-01 -1.035389961842376e-01
3.655007319541670e-01 6.357108729131804e-01
272
52
6.979336002744486e-01 -4.180134360522585e-01
8.258784672222185e-01 3.386223641510562e-01
2.062124690507102e-01 -4.330485215981516e-03
274
52
2.155806372201643e-01 1.795808511107584e-02
3.978967506665213e-01 3.947101116018265e-01
6.344703053206553e-01 -1.337067606664331e-01
275
52
3.154303729164469e-01 3.316940173988786e-01
5.806049803480406e-01 -1.190769252161855e+00
9.394460899403122e-01 -1.130164972457844e+00
276
52
-5.730772957142350e-01 -1.044054079192813e+00
5.001288419320227e-01 -7.514572939851263e-01
1.683852424050499e+00 3.800834118849829e-01
278
52
-1.775610401082995e-01 -1.915971014013404e-01
2.306931321628312e-01 -4.076926329935143e-02
4.319081384916850e-01 4.646393542149223e-01
279
52
5.571923898565149e-01 -1.328487573754785e+00
1.668802575172689e+00 -2.812826904098555e-01
1.224604907748341e+00 6.610289482088647e-01
281
52
-5.333564381281667e-01 -2.812187463774797e-01
6.440166058070593e-01 -2.375352987178082e-01
9.301377759408401e-01 4.218622724906889e-01
282
52
-1.345506360242296e-01 -1.149430211745454e+00
9.474959857401342e-01 -5.560480513494016e-01
9.543752838932984e-01 3.258122545916252e-01
283
52
-3.807624587826683e+00 -9.430315813373237e-01
6.337077517276682e+00 1.208061292011226e+00
2.262067238434846e+00 5.082649060150707e+00
284
52
-8.854807871739864e-02 -8.190732641259868e-01
5.568832666638727e-01 1.658952385225483e-01
5.098298806413524e-01 5.730403402900454e-02
285
52
3.851354731904200e-01 -6.172832967100526e-01
5.186214331608846e-01 8.480036472670802e-02
3.990540998607245e-01 -2.178828542954398e-02
286
52
-9.385165448349874e-01 3.129709730195625e-01
2.159105202268928e+00 -1.228144442904968e+00
1.581830491108506e+00 -2.419984103383082e-02
287
52
-1.417636244339831e+00 -5.382365434383431e-02
-7.850355236527221e-01 1.313256038306854e-01
2.201337350362806e-01 8.992057389926521e-01
288
52
2.929160315744147e-01 -8.319606465108308e+00
5.750547080229201e+00 1.311510604880980e+01
-3.548192269194881e+00 9.233030994737706e-01
289
52
-5.222703367917077e-02 -4.573668242821937e-01
4.571321987022223e-01 -1.114538741418507e-01
1.140939042798058e+00 4.313165123246269e-01
290
52
4.641996875410637e-01 7.719936421525319e-01
7.983469608592892e-01 1.029341984969087e+00
5.613948620946692e-01 2.281742327325674e+00
292
52
-5.776423617196679e-01 -5.647892270583201e-01
4.559466237601403e-01 -9.957018791944279e-02
6.351497021428069e-01 4.609610739900064e-01
293
52
-4.997205660307220e-01 -8.477101219597039e-01
8.735294599887690e-01 -7.496435061668187e-01
8.481874105976013e-01 2.373254298800860e-01
294
52
-2.779261153262479e-01 -1.471898169201256e+00
-8.321915324932767e-02 6.427941103357043e-01
-2.620762724160607e-01 -4.194796210025764e-01
295
52
-8.111673490371117e-01 -6.518131399119230e-01
8.461673338250080e-01 8.601274408907819e-02
5.941012165625417e-01 1.850995416896450e-01
296
52
-3.256243925946882e-01 -1.164076329629134e+00
5.726112060319272e-01 1.083149465500559e+00
3.548126959741655e-01 6.591474825479156e-02
297
52
-5.068384535199033e-01 -2.616262463517618e-01
2.901870483743769e-01 3.528743124776797e-01
7.313857592306252e-01 4.252955389367126e-01
298
52
4.061360702848228e-01 -4.046905039644609e-01
4.876462282340973e-01 3.088818055740938e-01
4.768613512913558e-01 6.842935691102267e-02
299
52
9.441133068320108e-01 -3.663324387230303e+00
-1.801939769903033e+00 4.764721581731608e+00
1.999053416862223e-01 -4.972112587461749e-01
301
52
-2.122839876046175e-01 -2.684876523289975e-01
6.635596123199196e-01 4.838586430391423e-01
3.581600801708272e-01 4.541825610316081e-01
302
64
-5.64622718847341072959e-1 -4.92557339161406099323e-1
5.63028523694348880511e-1 1.29621623446274846528e-1
5.05816033545744811125e-1 5.03635784345024032217e-1
303
52
-1.311409735895491e+00 3.899276903064595e+00
1.191567097785927e+00 5.891518586054983e+00
-1.948983516965527e+00 -5.306952743783196e+00
304
52
-4.053661229557814e-01 -4.088399066763848e-01
3.930815365381140e-01 3.890082693312551e-01
1.089019396748775e+00 2.784862039167048e-01
305
128
-6.765711290639922645925504013020136313280e-1 1.338334464394063088284907369215580985068e-1
4.558508597953078105434488384648014395021e-1 1.853433018282891297460864194934845438730e-1
1.338439955201374191151747711035892477230 9.445755115391445288386487519501396233003e-1
306
52
-2.080326550699025e-01 -6.481772282122357e-01
6.784275498964273e-01 -8.461003800221732e-01
1.619857690796133e-01 3.918110548154545e-01
307
52
4.549929342716243e-01 -5.623474443880287e-01
1.590557981880452e-02 1.765530911133050e-01
9.382636432932796e-01 3.272586884606092e-01
308
52
-4.278088913376861e-01 -1.897850002212867e+00
3.678862021880204e-01 -8.929140547201190e-01
-1.597374293992529e-01 -2.176856074020731e-01
309
52
-1.090215443932642e-03 -7.754591238919161e-01
3.541739250340590e-01 -4.264329868388149e-01
1.107207180097865e+00 3.058288688523117e-01
310
52
-2.834925816726265e-01 -5.051554815398014e-01
6.882884335950433e-01 3.287688699413964e-01
5.454616378339543e-01 3.029605388850468e-01
311
52
-2.297202580455680e-01 -1.213821904847253e+00
5.707998903834305e-01 -8.168985461854416e-01
6.182453347886927e-01 1.604644760277230e-01
312
52
7.217217365225279e-01 -5.008405726306681e-01
2.861865273448813e-01 4.969014936180209e-01
-5.884359642989739e-02 -4.679670315424790e-01
313
52
-3.103852162726590e-01 -5.601413389628063e-01
6.050224843640950e-01 -9.147645078040318e-03
1.441059848016501e+00 9.762755128159951e-02
314
52
-3.270132135465789e-01 -1.389595784525391e-01
8.827051664965176e-01 2.954001386370407e-01
-1.176139526740604e-02 1.512852996878236e-01
316
52
-3.219796942748155e-01 -3.929319622084641e-01
6.549544876799434e-01 3.507975788076038e-01
3.209673439192663e-01 2.657538545991290e-01
317
52
-1.203064998070899e+00 -6.411398461970841e-01
-5.316209230451684e-01 3.513955313974316e-01
8.928473799634968e-01 6.465041142462411e-01
318
52
8.985947125213274e-01 -4.144887297083318e-01
2.719057186049644e-01 -7.448282278744229e-01
1.117797098932090e-01 9.033095007064575e-02
319
52
-6.994885301315329e-01 -1.572004522075275e+00
2.821906039248612e-01 9.998560298581868e-01
-1.359433919182933e+00 4.787630278489025e-01
320
52
3.627184872186490e-01 -7.821755022008197e-01
4.624785917034406e-01 -1.738962624401963e-01
2.311673461152493e-01 -2.063019890902157e-01
321
52
-7.692528601087267e-02 -1.410115566776016e+00
-1.309684270384207e-01 8.066325484638517e-01
-7.679912116623846e-01 -2.169249763233588e-01
322
52
4.166449012883071e-01 -7.975303883596537e-01
5.494299765153485e-01 4.826205131109459e-02
3.987132801777578e-01 -4.078218048403579e-01
323
52
3.482783313217372e-01 -4.413262854935905e-01
5.381775720187498e-01 -2.710520584367410e-01
6.255331561527235e-01 3.032189394367938e-01
324
52
-4.859308337522421e-02 -1.357808525353278e+00
4.421740979299725e-01 -6.281565979115756e-01
1.684169254258538e+00 2.373437051890534e-02
325
52
-6.862587008488409e-01 -5.613989542742142e-01
6.295577194597977e-01 2.869241547164991e-01
2.861423426846002e-01 6.756929308443272e-01
327
52
5.384618161243797e-01 -1.673213626109462e+00
1.141002698413363e+00 -7.062837612843392e-01
2.017648191401264e+00 1.032721505833073e+00
328
64
-4.60902146349770405130e-1 -5.33237111227771301016e-1
6.92508628687720750948e-1 4.24767058012018059484e-1
4.41948116884164465037e-1 4.64338251831314144456e-1
329
52
-1.086635252715110e+00 -2.269882016683729e-01
-1.619492997949158e-01 -2.008922323854309e-01
-5.415483929730263e-01 1.098529831710883e+00
330
52
1.498418035035554e-01 -1.941657577677745e-01
7.986428130643358e-01 -4.919927634291429e-01
7.034010039262010e-01 2.231324808210496e-01
331
52
-3.600107943626573e-01 -4.986103153669085e-01
7.423001177639726e-01 1.063714362678229e-01
1.105838979421330e+00 -5.475372742360840e-01
332
96
-3.00750210975732378072190192710e-1 -2.42382503884163326071145917219e-1
6.72186931744185738563162665067e-1 3.64725158416732095354848718119e-1
2.44812733773056426751523772179e-1 2.20520065968719512399761523681e-1
333
52
5.834425483052568e-01 -3.307662743810023e-01
4.696973246328086e-01 -7.153138191854856e-01
3.853167908505317e-02 -8.056699280106222e-01
334
52
6.500417995736217e-02 -1.971495049171572e-01
7.927965188892988e-01 3.666319490748490e-02
5.720555085768894e-01 3.055839327407078e-01
335
52
2.610693782816298e-01 -4.230198715755799e-01
3.450963341557000e-01 -5.134829648307324e-01
4.650750345617452e-01 3.953308547145975e-01
336
52
2.353847127081876e-01 -9.119987208701983e-01
6.013798179092538e-01 1.214743400954286e-01
7.289626154492094e-01 -1.130037024081257e-01
337
52
-5.051689153178023e-01 -6.044257248969366e-01
6.804484271019478e-01 5.277930303484550e-02
5.518658564395624e-01 4.268752398511741e-01
338
52
-1.086212488383771e+00 -5.829773997282969e-01
2.456177267980808e-01 6.525261250767380e-01
6.336861342775872e-01 1.100377473418245e-01
339
52
6.914895003330673e-01 -4.531944573856728e-02
9.672444202346835e-01 8.370836319202267e-02
5.150384245176653e-02 1.068221941317838e+00
340
52
-2.754847266182054e-01 -7.861925092805687e-01
2.281682059236141e-01 1.671098678028034e-01
1.171964558170836e+00 5.105660820742892e-02
341
52
-7.063487598170471e-01 7.386001826261422e-02
-1.168142627901091e-01 4.975156434506654e-01
2.415104090308509e-01 1.140720822219783e+00
342
52
-1.205552248207980e+00 -8.336659027879685e-01
-2.596338142610892e-01 -2.560920684363994e-01
1.324206901303650e+00 -2.470279208217974e+00
343
52
-4.028510407613570e-01 -5.071017066868201e-01
7.988998116409162e-01 1.563889914842948e-01
7.858767957505020e-01 3.143468226097980e-01
344
52
-1.241810088630649e+00 -1.809241606053171e+00
-4.632322575424938e-01 -1.972617616189070e-01
9.300907238520558e-01 2.360785652282129e-01
345
52
1.065336336486353e-01 -7.968469124746524e-01
5.801639607822324e-01 -5.432133486836638e-01
3.469862186226883e-01 1.438990915499513e-01
346
52
6.484317652077923e-02 -1.224548477386664e-01
4.499278112751028e-01 -1.098677224962894e-01
9.492230571153644e-01 7.164747236349774e-01
348
52
4.114748497463843e-01 -1.107057351834265e+00
5.769668166587675e-01 3.014782527517957e-01
1.615493753153454e+00 -1.983804446696930e-01
349
52
-5.064490610693557e-01 1.224385667819109e+00
1.715018149706343e+00 -1.474481873274463e+00
2.898679700287599e-01 -1.010013600414182e+00
351
52
-6.884339522689337e-01 -9.030664358262999e-01
1.072334484728158e+00 -8.952799094999029e-01
2.395328023333722e+00 -2.866291562048490e-01
352
52
-3.398531322320263e-01 -3.380962753335946e-01
6.848865689600176e-01 5.343026867999613e-02
5.872500835894857e-01 4.063134976977554e-01
353
52
-7.705121266477275e-01 -9.073476830457042e-01
9.886031970740795e-01 -2.324946395490920e-01
8.186125187327484e-01 2.828854865808733e-01
354
52
4.930972503459575e-01 -1.033462904441057e+00
1.779606940250813e+00 7.083663738376649e-01
1.107599146358007e+00 1.115244257368049e+00
355
52
-4.239874588408982e-01 -5.410173599568884e-01
6.655780044842868e-01 2.759521842962776e-02
5.199960152398126e-01 4.304044753793550e-01
356
52
-2.562397788945363e-01 -1.121151141606131e-02
-1.626781172254708e-01 -1.753332639230178e-01
4.185345912357621e-01 5.448833847047563e-01
357
52
1.322590591356714e+00 3.595493315232201e-01
1.065554922442215e+00 1.073767972121395e+00
4.073355734352198e-01 1.247541383676500e+00
358
52
-6.919823305206482e-01 -6.223724466988292e-01
6.304562382736885e-01 2.937498504077696e-01
3.147606308477531e-01 6.685558721146785e-01
359
52
-5.702817636915130e-01 -9.023085245102008e-01
9.755912770145324e-01 -4.811726442213973e-01
4.385767842611683e-01 3.458402992266725e-01
360
52
1.738843867989020e-01 -1.462505699197335e+00
1.161223672107011e+00 -5.797365294248177e-01
7.886497724934439e-01 2.804323535403406e-01
361
52
-1.249097953765430e-02 -3.363818963307854e-01
5.659477660202147e-01 -7.102098670023091e-02
3.288575345080865e-01 4.796364795273423e-01
362
52
-3.548842158329664e-01 -4.018274778217329e-01
6.814945317995922e-01 2.921689489431484e-01
5.494587583482273e-01 1.529358216320395e-02
363
52
-1.982039685937086e+00 -1.983695322421579e+00
-1.351371252085754e+00 1.259195382558630e+00
-3.789699827470196e+00 -4.304523737045648e+00
364
64
-5.34048654878290685705e-1 -4.95665197208710150127e-1
6.95033745286427494031e-1 4.31412194671219959095e-1
4.42030784730836969035e-1 4.22857320022027095765e-1
365
52
-4.871499717953335e-01 -3.725894029124552e-01
3.065981798643851e-01 3.630559201738837e-01
7.410365355342927e-01 4.622599854191087e-01
368
52
1.285395694932016e-01 -3.625233057647594e+00
-2.206196339787886e+00 1.866255156984022e+00
7.067183119708542e-01 1.430592621532507e+00
371
52
-2.131071849692560e+00 -1.589118394546004e+00
2.918657539512280e+00 7.134134444006806e-01
1.700296171918835e+00 7.454819034698208e-01
372
52
-1.460393038954321e+00 2.471169741192468e-01
2.494081142596675e+00 -1.142337915447234e+00
2.993159496098835e-02 -7.984098387065700e-01
373
52
-1.584950562193937e-01 -1.460592590950829e-01
3.497004438486199e-01 -2.958469134383081e-01
7.624483881694024e-01 3.967687007650305e-01
374
52
-3.838345197261651e-01 -7.002289547234887e-01
4.648260393896136e-01 2.591762660451399e-01
2.617452636455461e-01 -2.895087520393336e-01
375
52
-3.130592154550232e-01 -7.197499975818785e-01
6.325926205607677e-01 -4.099918863043951e-01
1.370391011940557e+00 2.998503895785524e-01
377
52
-6.062815560174056e-02 -5.536371452602602e-01
8.792147257144587e-01 -2.643820807639481e-01
7.949076723306109e-01 3.441096301225637e-01
378
52
3.903848385017454e-01 -1.954450777307674e-01
1.154993889448563e-01 -1.138302083354361e+00
6.202668317752128e-01 1.520017455930369e-01
379
52
-2.095674897615757e+00 -9.628681781526625e-01
4.090175172667478e+00 1.396805975353765e+00
1.618624967034525e+00 1.777514842483526e+00
380
52
-3.233882941230919e-01 3.344509396118160e-01
1.877037272250879e-01 -5.177645042180767e-01
-1.989989889174379e-01 9.233622432564308e-01
381
52
1.232922148340435e+00 -1.248221662670230e+00
-1.159157897700693e+00 -1.980097825661246e+00
-1.087497968958105e+00 -1.161607899558147e+00
383
52
-2.852617735796308e-01 -1.474440331982855e+00
-3.926635468738056e-01 -6.888332094042570e-01
-1.440691156955458e-01 4.331296158305881e-01
385
52
-5.636359934549310e-01 -1.581596807850440e-01
1.032739346948730e+00 -1.152152764774166e-01
-8.481086966118953e-02 1.156758426990888e-01
386
52
-4.312029624100686e-01 -5.166937372374280e-01
6.133754284712386e-01 4.835105674185438e-01
4.807984442282175e-01 1.576143137784235e-01
387
52
2.421641145958460e-01 -3.120684471760916e-01
4.848821794138334e-01 1.296131380252028e-01
1.608542823523399e+00 1.080326255567174e-01
388
52
-3.171662445708998e-01 -5.289763880665880e-01
6.274601683918261e-01 3.111595492959003e-01
8.048322449109542e-01 3.084489236339276e-01
389
52
-4.685184789541520e-02 -9.120527224782503e-01
1.488603756526620e+00 4.597896353602149e-02
1.078811583737567e+00 5.841361947629562e-01
390
52
4.084915355224264e-01 2.749232996343052e-01
5.586986077728466e-01 -1.161441643122945e+00
-4.974694846874922e-01 -2.141224955141164e-01
391
52
-8.290399902152635e-01 -8.852518745725108e-01
1.748283706064312e+00 -9.798676829289880e-01
2.479983776886743e+00 8.979944790310613e-01
392
52
1.839189984891635e-01 -8.792773046094702e-01
2.181841432356557e-01 7.172730143022013e-01
5.568680983726029e-01 2.267514807735796e-01
393
52
-3.733773604461064e-02 -1.743536258040991e-01
4.034185494905835e-01 8.570703485650180e-02
7.811950258686466e-01 3.497779612092153e-01
394
52
-7.409514848455320e-01 -4.968122921964747e-01
5.030829847562369e-01 -6.357971879407506e-02
-3.200957451885639e-01 3.767896620237529e-01
395
52
4.167610791293771e-01 -8.919579741678522e-01
7.060111864626386e-01 1.088353400580609e+00
1.196217303234948e+00 7.110103793190766e-01
396
52
-4.801119825888016e-01 -1.176957731941737e+00
1.203944963326814e-02 6.004568207982144e-02
6.079800608705969e-01 -6.749265064429537e-01
397
52
-3.974711394018951e-01 -6.934111334231695e-01
7.110948419993575e-01 -4.537935085058436e-01
1.250207154563889e+00 2.862090074190112e-01
398
52
-1.230897292974224e+00 -5.383684893516533e-01
1.557756456480252e+00 -3.188655055857160e-01
9.023655728100289e-01 -1.537414588323544e-02
399
52
3.449681718033074e-01 5.718610097277764e-02
-8.271150270858803e-02 7.609939505046837e-01
7.070452353601004e-01 9.477904751311012e-01
400
52
3.880984245699606e-01 1.797546622403959e-01
8.089022028904521e-01 -1.080332421564521e-01
6.256248471511788e-01 1.433914082115788e+00
401
52
-4.936683892922986e-01 -5.357127482195350e-01
1.816362384360509e+00 7.875206899239403e-01
1.180638146479355e+00 8.120038554098060e-01
402
52
1.695406871433741e-01 -7.958987075298971e-01
1.566746561884653e-01 -9.610286117057438e-01
5.401739647732888e-01 2.749255272673503e-01
403
52
5.246432808195938e-02 -1.768970765697695e-01
5.133554268785820e-01 -5.396679212669609e-02
2.760232923169143e-01 3.769659907184320e-01
404
52
1.833078180206459e-01 8.322942774198326e-02
7.360413233555974e-01 -2.030481195420472e-01
1.272202812576937e-01 -1.833919044142734e-01
405
52
-1.798534555431589e-01 -1.288263068794431e+00
-3.888999667688214e-01 -5.049332251269506e-01
6.943846234408388e-01 4.156096564127810e-01
406
52
-1.301688948027093e-01 -1.191172142781152e+00
3.171627835752198e-01 -6.401028828582964e-01
1.187763749120990e+00 2.443557474865337e-01
407
52
-5.699151309056051e-01 -3.401922851246820e-01
3.063376694136140e-01 3.475690967126825e-01
7.618631589453422e-01 4.406505172681575e-01
408
52
-7.746349588956417e-02 -8.719366278420272e-01
5.722141493841786e-01 1.823904469614397e-01
5.921390803494754e-01 -1.259084968897319e-01
409
52
-5.746315527690937e-01 -4.669507549104186e-02
1.034509407472778e+00 -6.194733766050242e-01
1.143622250939685e+00 2.742214297581673e-01
410
52
2.325371028789738e+00 1.975563257047864e+00
-2.912644346997557e+00 -7.489948315836282e+00
-5.805240220496665e+00 -4.601551395118971e-01
411
52
7.575085821601350e-02 1.699822279285232e-01
-3.497901679584035e-01 3.054270137775372e-01
5.323131653224231e-01 1.199174915177698e+00
412
52
4.335713139478329e-01 -6.671476218556364e-01
4.002883801863761e-01 1.547243120733070e-02
7.819301673823265e-01 1.809712523249626e-01
413
52
-3.760993273157758e-01 -4.288772213143945e-01
1.866450368973820e-01 4.220492908301565e-01
9.822672075647665e-01 4.622217456675748e-01
414
52
-4.481822057907449e-01 -6.731503768808931e-01
7.817458151505026e-01 -5.561057877335971e-01
9.954822398096708e-01 3.205556568014945e-01
415
52
1.287483447274270e-02 -8.354704395072857e-01
4.782557165927829e-01 3.819132006576260e-01
7.288626923595487e-01 2.518871567211021e-02
416
52
-3.987974961394636e-01 -7.099450417075656e-01
8.091835668645985e-01 9.441644853691247e-02
5.728284352505225e-01 7.751480506676875e-02
417
52
3.236352294448647e-01 -1.148410885267463e+00
7.051385651938924e-01 3.185385495559114e-01
1.544781406082776e+00 -1.736496392687939e-01
419
52
-3.784143316747987e-01 -6.196829645490196e-01
6.966420234754972e-01 -2.485014986016240e-01
7.004317754199055e-01 4.056921264002035e-01
420
52
4.962714547309228e-01 8.215343450525558e-01
3.892009630459193e-01 1.945084614900297e+00
-6.690119581524587e-01 -1.264268698196000e+00
421
52
-5.284603462940310e-01 -5.916383453153042e-01
6.960896422946420e-01 2.910769192971901e-01
3.599578251314620e-01 3.799384098422468e-01
422
52
-3.100009605613954e-01 -7.713107932434285e-01
6.878818437979133e-01 5.346616134011121e-01
4.208750563933314e-01 2.016704414964735e-01
423
52
2.326474003480185e-01 -3.917952881768628e-01
4.212442913794366e-01 1.697466419966607e-01
1.288734378533652e+00 2.011395078126585e-01
424
52
-6.515388428696701e-01 -9.775652379910954e-01
5.637703236064596e-01 9.836421113888708e-01
7.735821692884637e-03 3.744291544165523e-01
425
52
3.147716144026538e-01 -4.826680948884687e-01
3.941168923903635e-01 1.681378851848473e-01
8.095750631544064e-01 2.345420556202531e-01
426
52
-6.166443872017897e-01 -4.030240123768976e-01
9.968112014357919e-01 -6.988465118351054e-01
1.104986971522879e+00 2.569774436262392e-01
427
52
4.795766630182974e-01 -1.158611587869877e+00
4.129391974770093e-01 1.618944332008657e-01
1.846516629008567e+00 -1.519578226117881e-01
428
52
-7.339146897311313e-01 -3.320875763491720e-01
1.096451004318418e+00 -1.542402655340721e-01
9.138143131690300e-02 1.900895356843722e-01
431
52
-2.453047295317186e-03 -8.625022769535458e-01
5.418253667915692e-01 -1.746189444585504e-01
1.526955634535345e+00 2.955991579794860e-01
432
52
2.397294515964293e-01 -2.961180683953669e+00
1.995145775270232e+00 1.064413912486733e+00
3.009168327351376e+00 -1.860251607966770e+00
433
52
-8.513906815694592e-01 7.644623302817845e-02
1.003313494182653e+00 -8.673558305953646e-03
2.351877966264009e-01 -2.592411916752790e-01
434
52
-6.319945654424964e-01 -8.798735376882454e-01
3.257712226693720e-01 6.677705499639148e-01
6.098883243814747e-01 3.085558608774149e-01
435
52
-4.395946359092954e-01 -1.326394554929240e+00
-3.501649749626800e-01 3.716793987219540e-01
6.318212669543551e-01 4.688227082784143e-01
436
52
-1.386269250008066e-01 -1.995401941269661e+00
1.300268109265395e+00 -6.327911501131126e-01
1.518285182652373e+00 6.125078358147904e-01
438
52
1.329059691999353e+00 -1.542160589931376e+00
-2.305401210115766e+00 -1.362489129486856e+00
9.280902343973230e-01 -6.151611760151732e-01
439
52
-7.438547248466658e-01 -2.549777378413712e-01
9.597442529578148e-01 -7.368176909643085e-01
1.725937351794389e+00 3.614366233085910e-01
440
52
-6.371772578392749e-01 -2.095380317792106e-01
7.535446080176995e-01 8.012491786254681e-01
4.335267676629664e-01 7.132520021528902e-01
441
52
-1.596032090214174e+00 4.958169092493197e+00
7.072358024941566e+00 5.776341842524249e+00
2.522036326248601e+00 2.486382482334837e+00
442
96
-4.84737478683484913616140123691e-1 -7.62466207622334938399531307026e-1
6.37673747002317572931061928861e-1 3.96707256193271085687645087534e-1
5.01669073522644794798555515618e-1 3.38935255662170406903597944918e-1
443
64
-2.93318981083763591469e-1 -9.60891399745400914606e-1
5.55857630482408349344e-1 -2.26000117944011910337e-1
6.42543469321992167479e-1 4.34723013963360233931e-1
444
52
4.586090915252767e-01 3.018688250358317e-01
8.139475009422033e-01 -9.051947731897800e-01
4.949903972164091e-02 -8.720375299297313e-01
445
52
-1.262313244786266e-02 -6.438378073679457e-01
5.011228996165548e-01 3.497625337312208e-01
7.170603233282359e-01 1.374953191672890e-01
446
52
4.747641976273633e-01 -2.965386371373000e-01
2.530892134394677e-01 7.579049037059848e-01
3.145226953230431e-01 4.049722405284343e-01
447
52
5.438376879881619e-02 -4.761155017092313e-02
4.520003035705876e-01 4.596312831336202e-01
3.807450138073342e-01 5.202939633049996e-01
449
52
-4.786220122533089e-01 -3.827536429337508e-01
6.802441925253191e-01 -2.691641306992743e-01
1.366138985652925e+00 4.158256071481331e-01
450
52
5.011728966520695e-01 -8.236314218499866e-01
4.009223059639343e-01 -6.426526652965420e-01
5.801995911238594e-01 3.076223397550835e-01
451
52
7.749326263738270e-01 -2.362968382193971e-01
-1.139368690542444e-01 -6.671302507949854e-01
1.349628853442417e+00 -1.141306012631556e-01
453
52
-9.245042361546398e-01 -1.088543104208948e+00
-5.981633960527498e-01 2.361583334170454e-01
6.040160930951467e-01 4.318905480527612e-01
454
52
5.049994351764167e-01 -4.516100542673668e-01
8.775610417449424e-01 -3.134536357050359e-01
6.469571596002522e-01 3.994892382627638e-01
455
52
4.210491190743033e-01 -7.123153939388269e-01
-8.084098109946063e-02 -1.180799562328023e+00
3.878980292781486e-01 2.243889908996744e-01
456
52
-1.673902390669799e-01 1.798066279819943e-01
6.889993467657096e-01 -3.812062822214272e-01
4.208891387443723e-01 -1.204438587877942e+00
457
52
-5.478875845726238e-01 9.987110842555537e-02
7.003659620711206e-01 -5.528813531595761e-01
1.565968063732478e+00 1.826905879323792e-01
458
52
-1.142896388137244e+00 2.262828083606803e-01
2.507646329308087e+00 1.924863761419804e+00
1.390675096686911e+00 1.139650508551288e+00
459
52
-1.051916482572966e-01 -6.690783138367029e-01
-4.293331419130451e-01 1.089779564305895e-01
5.284646953961469e-01 6.623420613811479e-01
460
52
2.726064801431640e-01 -8.857057460583111e-01
1.912461062857512e-01 -3.778479893079419e-01
1.079573504251596e+00 1.948605694126696e-01
461
52
-4.362661488977418e-02 -1.121774974998854e-01
1.358218500761272e-01 1.414113455236818e-01
8.903369472122576e-01 4.369468106801046e-01
462
52
1.865850636283632e-01 6.261221460189711e-02
5.978609358195858e-01 5.171776181367999e-02
2.161432668638913e-01 -6.024682799846162e-01
463
52
-3.577671897356456e-01 -6.708098945393781e-01
7.205317411994396e-01 4.179045709241342e-01
3.403382523775096e-01 2.882182293196759e-01
464
52
-2.722607360849345e-01 -7.731865281424795e-01
7.481729974325716e-01 7.171459560772474e-02
5.284013333170582e-01 1.649289542508273e-01
465
52
6.124551618824031e-01 -7.236855230314549e-01
1.510601596044495e-01 -6.259551634583661e-01
4.291259427981698e-01 -5.373776651858559e-01
466
52
1.443916285433847e-01 -7.187812264333758e-01
5.469472662547123e-01 1.740298145669661e-01
3.751006761233355e-01 -8.046331301503114e-02
467
52
1.082189421366076e-01 -1.367396382319847e+00
4.329700307634587e-01 -8.478699474679273e-01
6.941378526257567e-01 2.302921746184573e-01
469
52
-1.518462843780937e-01 -3.780770845417360e-01
6.412362336177048e-01 3.268395372874466e-01
4.175387069722514e-01 1.807977314397121e-01
470
52
7.114287965355456e-01 -5.728982763568661e-01
7.492791514749222e-01 6.394527053422711e-01
7.652076450202944e-01 4.720148815481764e-01
471
52
-3.300023125317277e-02 -3.212288833852768e-01
6.222506344591655e-01 4.838939872607352e-01
2.863183628896315e-01 2.018500638314871e-01
473
52
1.891355058890954e-01 -2.403393253417247e-01
2.977508820894436e-01 2.037882649263414e-01
1.008397166601392e+00 2.779973114336967e-01
474
52
-1.089556774146555e-01 -9.473603955236121e-01
5.344985858786212e-01 -2.164946841016324e-01
1.095208003730413e+00 -5.003378028944919e-03
475
52
1.756067571667441e-01 -7.865603919552333e-01
5.194451553663847e-01 1.189958328150501e-01
1.639587520692048e+00 -1.880304040983104e-02
477
52
4.049820971890699e-01 -6.942043159355620e-01
3.759863238249667e-01 2.957376870878110e-01
8.821217123786074e-01 1.331622188458178e-01
478
52
-4.688291688287093e-01 -6.287581600442506e-01
6.897383641353876e-01 2.909010478241338e-01
3.545006601764339e-01 4.100156863902837e-01
479
52
-2.366143846312022e-01 -9.164332376226667e-01
5.582009766619450e-01 -7.530047886241387e-01
7.206485358197475e-01 2.930792234009453e-01
480
52
-1.721886307754464e+00 -3.846140344136095e-01
1.725338372304974e+00 -2.464451547380986e+00
1.617730971299045e+00 9.625743715615231e-01
481
52
1.967075764591254e-01 -7.521343579043419e-01
4.659389283409305e-01 2.262712312814434e-01
1.107853097190932e+00 8.853578019534980e-02
483
52
6.194280937421419e-01 -6.473112672932956e-01
-8.990341665655262e-02 -5.274751128958238e-01
1.056436235793442e+00 1.928591886681261e-01
484
52
-1.328851901392099e-01 -7.591723895587097e-01
5.490224242066698e-01 4.550587302710461e-02
4.630021212003583e-01 4.851456056929796e-01
485
52
-9.562979500517177e-02 -6.725980787722980e-01
6.984691977891854e-01 -5.637992412707069e-03
4.185367881455945e-01 1.695940000282710e-01
486
52
-8.776130591764626e-01 -8.760899153043870e-01
8.876512235322231e-01 -1.362672361861622e+00
1.233934108548379e+00 7.838580596946004e-01
487
52
4.589238038894774e-01 -7.356292469813465e-01
4.242171470288282e-01 9.489203140491713e-02
1.177996702132390e+00 1.382406084047015e-01
488
52
-5.955351011383734e-01 -7.762856576178735e-01
8.598143567761162e-01 -3.315162532422892e-02
2.577369417902536e-01 3.433792367699315e-01
490
52
-5.225359038348080e-01 -6.512245579019867e-01
6.925098850912522e-01 2.952630004334649e-01
3.775323891789104e-01 3.993016815512694e-01
491
52
-6.179979441280147e-02 -1.188064707599503e+00
5.378191341010033e-01 -4.020208418649551e-01
8.379735573080250e-01 -1.153529547507614e-01
493
52
-3.792713805733000e-01 -2.478189119961365e-01
8.876083343405137e-01 6.205137591405732e-02
5.972069395900390e-01 -8.702631729081253e-03
494
52
-9.499408148012987e-01 -1.548242575690581e+00
-5.466132223210523e-01 3.132138076387462e+00
6.627824985912757e-01 1.447731701590738e+00
495
52
8.073351222092002e-01 -1.057667744676364e+00
-1.770208428337062e+00 -1.105608436612502e+00
1.101670292584771e+00 6.062076353556966e-01
496
52
1.524033584928070e-01 -9.722512366932622e-01
4.510173591494241e-01 -3.546579442912338e-01
3.697015314695914e-01 1.196907227745217e-02
497
52
-1.330084230099260e-02 -1.456469917817342e-01
2.871855754521119e-01 2.327151464906137e-01
8.795182929123273e-01 3.537512727032311e-01
498
52
5.531423513490069e-01 3.207328221854909e-03
6.430743051211806e-01 -2.384669276135206e-01
4.198623820657881e-01 -9.235007716490807e-01
499
52
-2.032788934321381e-01 -1.362347664681011e-01
5.452882848730398e-01 -4.396678881480685e-01
5.812426392658289e-01 3.479340426609740e-01
500
52
-7.208591503649538e-01 -4.040237808519623e-01
7.256188407573121e-01 7.580553983175859e-01
5.026719967604710e-01 6.804838877131633e-01
501
52
-6.013854912891849e-01 -1.209308364392583e+00
-8.679251515750075e-01 5.160312437330451e-01
4.988068455538176e-01 6.341134307969831e-01
502
52
-4.942282557832894e-02 -9.563397208738427e-01
4.619424219884833e-01 -6.272431530001198e-02
3.690972123849229e-01 6.433560616217029e-02
504
52
2.956629117958617e-01 -7.995690385091537e-01
4.831937559891906e-01 7.164239471096415e-02
1.113790280497638e+00 1.336879048576810e-01
505
52
-6.816104559845285e-02 2.913136958760330e-01
8.682244022932273e-01 -1.061818227773581e+00
1.019248126938831e+00 -1.201243478531656e+00
506
52
-5.721724698608419e-01 1.032788964328080e-01
1.400851584045387e+00 -2.045270672391240e-01
1.216764494989354e+00 -6.600981180727173e-01
507
52
-2.503556799138467e-01 1.501131231531780e-01
5.642967415354161e-01 3.920186396299264e-02
1.418683598343819e+00 -3.287756848396066e-01
508
52
5.920187808722095e-01 -7.520288477138104e-01
-1.789465081473394e-01 -1.413791766717722e+00
2.208676043052694e-01 8.257497617759150e-01
509
52
-2.585364326491610e-01 -1.607099552284154e-01
9.849956319491920e-01 -1.845409328750550e-01
7.925449521907599e-01 2.511180984053741e-01
510
52
3.004390887183123e+00 -4.205355188831841e+00
2.215238613232394e+00 1.849020436532237e+00
8.807690398350321e+00 -3.612636283983390e+00
511
52
1.025890602269715e-01 9.249838926486323e-02
6.643774904393874e-01 1.443260298629887e-02
4.690763428218270e-01 -7.015990849074885e-01
512
52
4.455886372757638e-01 -3.636518229984910e-01
5.065313541536126e-01 -1.206063372827079e-02
3.702719988887177e-01 5.254080669060985e-02
513
52
-1.766618406325929e-01 -6.469172315868214e-01
-6.181732966091641e-01 5.264356975808580e-01
-1.216462107826084e+00 -1.793829837634449e+00
515
52
-4.853613982024123e-01 3.290245203593050e-02
8.839271946629722e-01 -3.035860429247230e-01
1.417509632487432e+00 -9.617163436421672e-02
516
52
-2.296898728949672e+00 1.181445377533915e-01
-4.889101012996373e-01 2.647543966551741e-01
-7.442787550090729e-01 -4.024940589414459e+00
517
52
1.235615250669714e+00 -5.632308166867841e-01
7.545856056607702e-01 -2.222838822774058e-01
1.490673628996621e+00 1.667330174838847e+00
518
64
-6.14628058472260203882e-1 -3.57920866298666989828e-1
6.79463263991134912951e-1 3.94486676528305135482e-1
3.99111735221630562208e-1 1.43792150864508205506e-1
520
64
-5.47574831268024925918e-1 -5.36035431518912565136e-1
6.98097460479276018998e-1 3.81920156573786078736e-2
5.44516931965993037658e-1 4.02649080812032284166e-1
521
52
-4.995567033970434e-01 -9.649197310045743e-01
7.272303101972718e-01 -2.230335650130409e-01
7.249918500155177e-01 3.829868951825955e-01
522
52
-5.829852787265423e-01 -6.107463242553990e-01
1.242652010413488e+00 -4.130980560659691e-01
6.883550850743667e-01 -1.061087751986791e-01
523
52
-3.055677124600805e-01 -4.984742758716725e-01
5.548943060616215e-01 1.227891510364895e-01
1.427098328356701e+00 1.483243274853856e-02
524
52
1.385549421599771e+00 1.844239782775748e+00
-2.965239679943501e+00 -5.283479447245767e+00
-2.656177132092715e+00 -5.646862177351472e-01
526
52
-4.441528024689221e-01 -5.823073658929098e-01
7.301781141815721e-01 4.279724420063342e-01
3.414477662783567e-01 2.159713895084899e-01
528
52
-4.541596712482400e-02 -1.211950187855429e+00
4.671304364245692e-01 -5.051891474803437e-01
1.249008672416245e+00 7.863057613025878e-02
529
52
2.127943107333976e-01 6.509688294890852e-02
6.853264981574658e-01 3.181765597483773e-01
-4.472742402336827e-02 2.908249795232474e-01
530
52
-7.739774027356493e-01 -2.900316043232283e-01
2.652770694658625e-01 7.551262221939250e-01
5.480764363156300e-01 1.300044608311448e-01
531
52
-3.537853469104920e-01 -1.932889443449853e+00
-4.723052024333834e-01 -4.505585277695429e-01
7.411206527308650e-01 5.068381878879703e-01
533
52
-5.760430531014038e-02 -4.154612044636254e-01
5.287827804814330e-01 -4.349972055204770e-01
5.582478177258394e-01 3.730420757529319e-01
534
52
3.026037422229175e-01 2.827666317068536e-01
-1.979196911192410e-02 -6.198082957303160e-01
-6.732057097240030e-02 8.931552775554097e-01
535
52
4.385872458403063e-01 -7.772411508073995e-01
4.445200762779204e-01 2.491182620796124e-01
1.157846156800155e+00 6.566356209824657e-02
536
52
-5.994894071355387e-01 -1.730028608499150e-01
-2.014164887138362e-03 3.092753980874759e-01
6.108943504599927e-01 4.060032828734392e-01
537
52
5.329818321972176e-01 -5.775981188585713e-01
-9.558239504093637e-02 -1.662257192675281e-01
8.824446509706202e-01 4.698721772986486e-01
539
52
-3.349880688881313e-01 -4.711612974220033e-01
5.807701320864732e-01 -2.432627795102106e-01
8.900100719656101e-01 4.447692282227906e-01
540
52
1.468264126861700e+00 -1.364799626184440e+00
1.885962009316458e+00 -3.977309902256145e-01
1.210417278854432e+00 7.911139115392724e-01
541
52
-1.254593692873731e-01 -7.880236711433906e-01
5.790897005643388e-01 9.540283358708931e-02
1.029768015749054e+00 4.459364236753913e-02
542
52
3.429660511183958e-01 -6.769503734849712e-01
3.539609234446992e-01 7.625122491510076e-01
3.406383351595041e-01 3.156099755638916e-01
543
52
-9.236350823351472e-02 -3.178077284194821e-01
4.790960187992042e-01 4.754336330863468e-01
4.608643008277719e-01 2.583394819959673e-01
545
52
1.936614138347117e-01 -2.254554422382206e-01
2.116044726886732e-01 1.325516578405614e-01
1.021418634204823e+00 3.267488985329331e-01
546
52
-6.778804207907506e-01 -5.684042701847140e-01
1.163178776671397e+00 -1.045884609534497e+00
8.992699009330359e-01 5.853454940948173e-02
547
52
-1.060627160074551e+00 -1.053464392865776e+00
2.088899544041335e+00 -8.096491312072380e-01
1.930588427733860e+00 8.767249612464972e-01
548
52
-1.705369794313824e+00 -1.636602157300090e+00
1.116681366932170e+00 4.988149356092483e+00
1.965547306940728e+00 2.149537427438081e+00
549
52
1.332213081891572e+00 -5.524999138651533e-01
9.828738621245451e-01 3.611257664169460e-02
2.976515028597786e+00 -5.445947118903162e-01
552
52
4.418304929717830e-01 -1.446290007444557e+00
1.156625306583961e+00 -1.779438995554055e-01
1.086757413601513e+00 -1.380155345214218e-01
554
52
8.637251391927726e-01 -2.169296543162100e+00
-1.978359856333878e+00 2.074051948375095e+00
9.322565745069620e-01 2.898602481168230e-01
555
52
-3.718321928428724e-02 -8.721897130771973e-01
4.288102658075402e-01 -2.908792557294742e-02
4.970213599202613e-01 5.092306183141947e-01
556
52
1.515568553353559e-01 -7.970523213106507e-01
3.409343166282763e-01 -3.305663133768628e-01
5.115162432854796e-01 4.835340809833187e-01
557
52
2.868405011948223e-01 -7.710463741718626e-01
-5.674238976502357e-01 3.062760054378248e-01
4.582632480311911e-01 5.762091796174963e-01
558
52
8.690509458780679e-01 -1.205082142913626e+00
1.218064035643041e+00 -5.384449820585655e-01
9.236756520405670e-01 5.316564834434706e-01
559
64
1.83560789841018412005e-1 -7.75979078629987879475e-1
5.47890823885603043598e-1 1.23198130218600361067e-1
1.61983182120445183614 -7.63582284064205347204e-3
561
52
-2.184658100213556e-01 -1.629699736770189e+00
-3.991995549798975e-01 3.180997131406602e-01
6.549110513135418e-01 -1.085356879478971e+00
563
52
-1.364556519437508e-01 -9.477222300321605e-01
5.695302244062033e-01 -2.649826458918110e-01
8.491303032656666e-01 -3.804284766525449e-02
565
64
-1.31073716691706750308e-1 -5.90891170769354384423e-1
6.44343870458745872766e-1 3.69271469475032259510e-1
3.08259072059668176613e-1 4.04676654122312826572e-1
566
52
3.198850590921954e-01 -7.663175947746643e-01
7.848234017326308e-01 6.961265207033117e-01
6.713225338724885e-01 4.497624468557283e-01
567
52
3.936894022197865e-01 -3.884578033987720e-01
4.595540641650045e-01 3.165918412489890e-01
5.278456621799548e-01 5.789281706229333e-02
568
52
5.411295377982860e-02 -1.069589411988790e-01
3.508972749726372e-01 5.658214634611983e-02
1.263197804330446e+00 2.565659998024566e-01
569
52
4.301222338948870e-01 -1.308203337147377e+00
7.723199012029313e-01 -2.757446640186237e-01
1.790573486511351e+00 3.731065042884120e-01
570
52
-5.090189980374268e-01 -1.048285698085712e+00
1.080562473826607e+00 -7.044586709936813e-01
1.345845168865455e+00 6.359970725334330e-01
571
52
2.406856545068752e-01 -3.888030611175778e-01
3.897561413762359e-01 9.978941823448197e-02
1.305812355266239e+00 2.409793298204197e-01
572
64
-2.95728746862242832709e-1 -4.07018105482832413800e-1
7.30346049236500662326e-2 4.14645057532460436676e-1
5.59754463372967128818e-1 4.83179347443360488297e-1
574
52
-4.510931625807209e-01 -4.973688445096274e-01
6.979576555531938e-01 3.560653842543858e-01
5.750831649934289e-01 2.967755424292310e-01
575
52
-3.906957652350440e-01 -8.430923677077420e-01
9.592317124386335e-01 -3.269059898080877e-01
6.561262187727401e-01 7.286405239907497e-02
576
52
1.293923802375443e+00 -1.324551894036202e+00
1.332686036588797e+00 1.264839572090075e+00
2.250757031266893e+00 9.032021455168454e-01
577
52
2.195840700076702e-01 -7.237855753128920e-01
4.294538177926742e-01 4.768304699314679e-01
5.151763785215547e-01 1.265000322302248e-01
580
52
-1.689013816488300e-01 -7.031020635762963e-01
6.201454714673058e-01 2.886948946194866e-01
4.140985550066550e-01 1.248408604436753e-01
582
52
-8.710782754028774e-01 -1.573140118820077e+00
2.154485747336772e+00 -4.157982281217462e-02
1.495704814415171e+00 1.164829733290735e+00
585
52
1.672655120585752e-01 -6.867346713826092e-01
4.765557866074715e-01 -2.379669789194708e-02
2.692778268438326e-02 -4.576129357743731e-01
586
64
-5.23248992513454720102e-1 -5.59594672835074257691e-1
6.89725016595944538471e-1 4.30384843081148236901e-1
4.67485417842281702496e-1 4.43947353729223382593e-1
587
52
1.824137967253500e-01 -7.913292229676151e-01
8.610706753605376e-01 6.162080051697509e-01
3.098874851343142e-01 3.647999903745552e-01
588
52
-4.834974890025557e-01 2.720522742074430e-01
1.525085656292840e+00 -7.052571842614268e-01
7.187357153529852e-01 -5.625975606706443e-01
589
52
-2.949141040544642e-01 -4.134604235043118e-01
7.618004259968280e-01 4.429229638528748e-01
2.079205764908048e-01 1.799331709331093e-01
590
52
-1.684900041855172e-01 -2.445452966513633e-01
7.217400054351877e-01 4.394944191922712e-01
1.568379349178452e-01 1.510209064278667e-01
591
52
3.009751667552304e-02 -2.454985461305093e-01
6.726707086151044e-01 3.313039290451595e-01
1.231016499550458e-01 3.488741977509233e-01
592
52
-3.402573350241990e-01 -2.824967673925354e-01
6.964869766138252e-01 -5.268601837982351e-02
6.462492010657042e-01 5.173489312668025e-01
593
128
-6.768701516271674769611875255337037942046e-1 1.340616461411017800540913528459263769812e-1
4.557234759443625730209013506875930189535e-1 1.852306319082953220626841118043841626793e-1
1.338560766872394024495159088662637901981 9.447858673220318901886197593562614622436e-1
594
52
-7.379758403898704e-01 9.822558370300450e-01
3.482568759812918e-01 8.824413481193031e-01
-2.961579397290645e-02 -4.151279584010765e-02
595
52
-9.644024417013677e-01 -3.431019746784891e-01
1.093798606463164e-01 1.753352838068469e-03
1.797862572573094e+00 -1.469127221696101e+00
596
52
1.553342528844509e+00 -9.154280188194359e-01
1.355253784625083e+00 1.047255892461651e+00
2.230132058015069e+00 7.185598235725601e-01
597
52
6.120942594642848e-01 -1.101707329878753e+00
3.973494453158267e-01 4.516835973059654e-02
1.880379729345216e+00 -2.909321247712446e-02
598
64
-3.95077472831878681516e-1 -5.54130516835036754039e-1
6.90844082121679015833e-1 3.50357929488260509785e-1
5.80282364826748115979e-1 3.26695672520565180317e-1
599
52
-2.066265766721554e-01 -9.163008937983826e-01
7.827364051347125e-01 -3.473437593017549e-01
5.622319849325759e-01 1.569959650718123e-01
600
52
4.137356807118717e-02 -1.255749000980162e+00
3.186525569648049e-01 -3.846896343374621e-01
8.102349865654469e-01 -4.662831638520489e-01
601
52
-4.279738460192229e-01 -5.657224754892617e-01
7.435067691323984e-01 4.065880633693957e-01
3.074516365357214e-01 2.354528560670208e-01
602
52
-3.831239508662327e-01 -6.205135034790127e-01
6.023255608550702e-01 4.830198902319477e-01
5.035258984725179e-01 2.140511645456027e-01
603
52
2.375131676638955e-01 -3.978814756082104e-01
3.544977709128811e-01 1.737168978444372e-01
1.326358054110911e+00 1.992759961347026e-01
604
52
-2.357834364754482e-01 -7.539014935857672e-01
4.114337544719591e-01 4.991424882221653e-01
6.721110016421470e-01 1.160629895812378e-01
605
52
-6.181318862175837e-02 -7.310522467596078e-01
6.093155926794945e-01 4.542469667207671e-01
1.146415732718890e+00 2.587496873738797e-01
606
52
3.593204920725543e-01 1.408650599634262e-01
1.751008058940277e-01 -1.982712787907823e+00
3.943209711824874e-01 -1.296914881070306e-01
607
52
2.170959706722459e-01 -1.256280617043456e-01
2.174001836272179e-01 -3.397875755673104e-01
8.553179126409666e-01 3.375453242547694e-01
608
52
8.539897807732549e-02 -2.893302161669086e-01
6.898793639605467e-01 -4.410937861526809e-02
2.536203739821071e-01 4.594195572083638e-02
609
52
4.517556268894051e-01 -2.520481772913803e-01
6.157544739632764e-01 -7.346801088122713e-02
4.696749156519436e-01 -9.261051337083109e-01
610
52
-8.785673341518362e-02 -1.754444661158929e-01
6.818389992207313e-01 2.906743125765475e-01
2.575423163720961e-01 4.713695955246934e-02
612
52
-7.802279689699988e-02 1.482813032391973e-01
8.420228019347374e-01 -1.169383936617613e+00
-4.437084110318675e-01 2.479427466216283e-01
613
52
7.962921906785323e-01 -1.578271966976907e+00
-1.169224389513983e+00 6.743468629472485e-01
2.000406461326198e-01 5.454573049855562e-01
614
52
8.088558453787570e-02 -7.361629670061425e-01
6.208661642809423e-01 4.341410849093993e-01
3.475844454356466e-01 1.404023806798249e-01
615
52
1.768842182316133e-02 -1.780985416792249e-01
6.739506221135233e-01 2.127853713324289e-01
4.185754105241421e-01 2.329244433821452e-01
616
52
2.938612992302291e-01 -5.634684377811180e-01
4.470680372836695e-01 4.177020734358029e-01
5.504412248949465e-01 1.451337068022587e-01
617
52
7.034727703938101e-02 -1.129368842898797e-01
3.429858744100237e-01 1.268182221707503e-01
1.269562831393246e+00 2.218003487101510e-01
618
52
-8.269206192182141e-01 -8.390665933579121e-01
1.482827736492238e+00 -1.301144207075139e+00
9.086795522000586e-01 -2.561952897110000e-01
619
52
1.176579709072329e-01 5.004374795102299e-01
3.524503471130718e-01 -1.032270676803282e+00
1.679331270152024e+00 -1.773727775456894e-01
620
52
-4.535426960538347e-01 -7.561991422454061e-01
7.936664330110368e-01 -7.052483513738991e-02
2.026248887128682e-01 4.224720271571011e-01
621
52
3.805153261211299e-01 -7.101985508497080e-01
1.212960472289786e-01 -7.160123020518595e-01
6.501777117585820e-01 2.656148496495634e-01
622
52
-4.157725655214205e-01 -9.168978847006322e-01
8.198643387003826e-01 -5.195101859908068e-01
3.850927530434239e-01 4.216879968129769e-01
623
52
-5.302631826594566e-01 -1.698582586140696e+00
3.482714995900992e-02 -1.035321753686932e+00
2.256992088950298e-01 1.822843162700827e-01
624
52
1.572401473866521e+00 -4.391724251110564e+00
-4.647239334539015e+00 3.519942794195770e+00
-1.935195834756028e+00 -2.007225321528865e+00
625
52
-2.590057132900482e-01 6.163301952088517e-02
6.760018422241956e-01 -1.367200248929514e-01
-8.893799116773151e-03 4.478903331191297e-01
626
52
-1.957349464318230e-01 -3.343800946560507e-01
6.391311007167477e-01 4.663667405220291e-01
3.215564748835699e-01 1.709047410988181e-01
628
52
-4.118478366023374e-01 -4.341809379378424e-01
5.714592825815356e-01 3.871799664592713e-01
7.992071322233913e-01 1.356322138143479e-01
629
52
-4.107145798386094e-01 -4.735675145096138e-01
7.382077602469009e-01 4.051521217241455e-02
9.611040050928006e-01 4.235472209037759e-01
630
52
5.152734823728776e-01 -3.816426088443998e-01
5.625855939475044e-01 -9.489903153378172e-01
3.720561153551758e-02 6.018784784926307e-03
631
52
1.737962431883755e-01 -8.848578329321253e-01
5.709239490868756e-01 3.225298514851454e-01
1.041958105187187e+00 4.389231282406455e-02
633
52
1.040971543829128e+00 -1.211060777577339e+00
-9.552066745533229e-01 -1.102331402533095e+00
-2.956107723289932e-01 -1.241657787002562e+00
634
52
-7.391943044118334e-01 -5.985057449513067e-01
6.358284015475459e-01 2.909819525962214e-01
3.001195974413819e-01 6.476675112146902e-01
636
52
4.355117110891467e-01 -3.850426617724103e-01
5.559920863770867e-01 6.352508256884637e-02
2.228474752012988e-01 -4.208732985982082e-01
637
52
-5.118815799959385e-01 -3.433391666864904e-01
7.557110183138308e-01 2.045700742629618e-01
-8.375021420415314e-03 1.710169056226819e-01
638
52
-6.840220270280559e-01 -5.541025514159278e-01
3.073693372833443e-01 7.200611038031441e-01
5.884845669556624e-01 2.669182743129755e-01
639
52
2.541452616068470e-01 -1.379924887276317e+00
-5.323562473059692e-01 -8.880261093885399e-01
1.057152233543168e+00 -7.822960629811281e-02
640
52
6.143730189489154e-02 -8.401941310191953e-01
1.547954316814213e-01 6.333449972661989e-02
1.181110452660687e+00 2.093338810252510e-01
641
52
-5.718586887395550e-01 -5.185182128028627e-01
6.580130067025874e-02 3.783427400635750e-01
6.596091902772941e-01 4.628725848052800e-01
642
52
3.780595775774628e-01 -5.053305074253096e-01
1.931259530420618e-01 5.035994934112032e-01
5.851989365569014e-01 2.660168646636121e-01
643
52
3.088205561893851e-01 -1.412204270021606e-01
1.147471296902913e-01 -1.034241925137617e-01
3.709014738045318e-01 6.042138000362038e-01
644
52
6.322224938668055e-01 7.726413738411242e-03
-2.516700532512660e-01 7.723101299500855e-01
6.486907653158278e-01 9.841851419533448e-01
645
52
1.881649774643160e-01 -5.817102030945547e-01
1.420599022168104e+00 5.221182386269596e-01
8.884112000644461e-01 8.628928884101830e-01
646
52
-3.540014643679741e-01 -1.931106703890214e-01
8.755006218646199e-01 2.154081517023048e-01
2.072757647921400e-01 5.026365728060300e-01
647
52
-6.989479625707659e-01 -6.416874287025797e-01
1.208990730049018e+00 -6.841865840531330e-01
3.766105264545306e-01 2.053155468755324e-01
648
52
-5.230490301277939e-01 -1.134309235571611e+00
1.027580188848916e+00 -9.382579130842330e-01
7.838659383329178e-01 -5.420400851993950e-03
649
52
2.916926524305627e-01 -7.208468468351330e-02
5.986507359789462e-01 -2.279216135976111e-02
1.785653435111694e-01 7.584533667704843e-02
650
52
1.362411052408548e-01 -1.173150332517284e+00
-3.722957180236700e-02 -1.068939416621379e+00
2.723782013223930e-01 2.005348065856921e-01
651
52
2.687628333862642e-02 -1.764709964870827e+00
-6.140709589609630e-03 -1.248435906170750e+00
2.680142956313432e-01 4.343715872730807e-01
652
52
-1.720705589976775e-01 3.042678985348903e-01
5.269533547279126e-01 3.012351574090565e-01
1.090455604682449e+00 -6.511610980659245e-01
653
52
-9.145469334367540e-01 -6.664801539930455e-01
-4.320447552057046e-01 2.264738534106206e-01
4.085066872271916e-01 9.288060291419589e-01
654
52
2.305454565030558e+00 1.396564812420622e+00
2.009073086708460e+00 2.249087417096646e+00
-3.208692041226901e+00 2.963731112997208e+00
655
52
1.714991998082565e-01 -7.746415434325590e-01
5.313444992072209e-01 1.438217603405406e-01
1.620169107151520e+00 -2.852079217106283e-02
656
52
-3.661689879860251e-01 -2.390465971200678e-01
5.657433744848854e-01 -1.327994765357701e-01
3.469693340200523e-01 4.376221255542587e-01
658
64
-3.68150886312462202185e-1 -4.27932359671197702839e-1
7.06284009057342851770e-1 3.52398769833636920425e-1
5.19975843314020140583e-1 3.29593723163889689944e-1
659
52
-3.164505363907663e-01 -5.961205745509470e-01
9.811926060128162e-01 -1.232316427705332e-01
8.733436549741588e-01 3.621413103002715e-01
660
52
-1.366384745066856e+00 -2.862145954098578e+00
2.329621810271274e+00 8.973310213398999e-01
2.941972239503118e+00 -2.959683831246674e+00
661
52
-1.984250542278362e-01 -5.309056698262903e-01
5.873742909852976e-01 2.907929415621016e-01
2.940024627494486e-01 2.517546182343174e-02
662
52
3.673432341942066e-01 -3.311508302345863e-02
3.795310248417752e-01 5.134768511493119e-01
4.003636607564669e-01 5.678381761375330e-01
663
52
-1.394207067221702e+00 -1.174274661026433e+00
-9.218239421793962e-01 -1.649936067271425e-01
8.101922206030661e-01 2.912418404852123e-01
665
128
-6.766884994008315047931280099230291652796e-1 1.339387249916053793617486443017989427484e-1
4.557106613045174934509161667395226566801e-1 1.852559577145021833529326219138689184795e-1
1.338551633207083548849204952355683020601 9.447453519534936204270535454689980691781e-1
666
52
1.429941979338876e+00 1.078846753000934e+00
1.154368726988255e+00 4.088223945134694e-01
-5.285788291900583e-01 5.031907306155545e-01
667
52
-5.929756128931100e-01 -3.073454536840349e-01
1.042330421453407e+00 -5.828726032623048e-01
1.497093806682731e+00 -1.573044095504114e-01
668
52
8.589172827570215e-01 -1.789616625928101e+00
-4.904193772420049e+00 6.776302319238648e-01
-1.076065276896129e+00 3.833758931112100e+00
669
52
-2.226377362612829e-01 -1.884254690097228e-01
-6.919650627263483e-01 7.523283891152814e-01
5.716969733230191e-01 1.511738908466708e+00
670
52
4.377233460717090e-02 9.436077855655965e-02
9.967994869847661e-01 4.144242625566896e-01
-5.552984887479506e-02 7.587474841586936e-01
671
52
-8.676825308801676e-01 1.763941383785987e+00
4.362220141323537e+00 -3.913763727504282e+00
1.391592516655400e+00 -2.250548539441944e+00
672
52
-4.369717373405819e-01 -1.012311312055540e+00
7.773310889924685e-01 -5.974251261056240e-01
1.580206519863685e+00 -3.605174644939423e-01
673
64
-6.36002836289036907360e-1 -6.44858591361746027971e-1
6.52826077760418795970e-1 4.04575473646835625689e-1
5.13177982767088313365e-1 2.40801016249516763884e-1
674
52
-2.830638039883243e-01 -5.810944833904570e-01
6.075702132111234e-01 4.679081001109454e-01
4.429732391897254e-01 2.461690582606416e-01
675
52
2.931364493029307e-02 -1.135414469979413e-01
1.991381192565411e-01 3.850692342348092e-01
5.606899765486753e-01 4.378927538088199e-01
676
52
2.439465893068234e-01 -3.078792411199983e-01
4.785893636540129e-01 8.808255084918262e-02
1.625915697096884e+00 1.349506130202343e-01
678
52
3.980380683031490e+00 -2.510625806181719e-01
-1.764060275516108e-01 5.517989393485147e+00
-3.058310473761888e+00 -1.762143607708744e+00
