
----------DIMENSION 2----------

NONSINGULAR SOLUTIONS
---------------
-1.421928212510534e+01 1.855679368724453e+01
-1.393496284189752e+01 -2.053199761925046e+01
1.000000000000001e+00 -8.326672684688674e-17
-8.001726341946764e-17 -3.053212383636014e-16
Multiplicity: 1

2.076899189212147e+01 -3.728952197330263e+00
-4.126762935647729e+00 2.178006358316511e+01
-1.000000000000000e+00 -5.551115123125783e-17
2.283733038150427e-16 1.477868470382205e-16
Multiplicity: 1


----------DIMENSION 1----------

NONSINGULAR SOLUTIONS
---------------
-1.786554672573083e+00 -1.730834661001583e+00
1.083244838516215e+00 -9.515333441143496e-01
1.786554672573083e+00 1.730834661001583e+00
1.083244838516215e+00 -9.515333441143494e-01
Multiplicity: 1

-6.523617526941148e-01 -6.780277254925964e-01
6.318021351329473e-01 -2.333638601819955e-01
-6.523617526941147e-01 -6.780277254925966e-01
-6.318021351329473e-01 2.333638601819956e-01
Multiplicity: 1

-0.105770111132232084098e0 -0.121494442998308761698e0
-0.110577011113223208421e1 -0.121494442998308761766e0
0.110577011113223208443e1 0.121494442998308761739e0
-0.105770111132232084118e0 -0.121494442998308761766e0
Multiplicity: 1

2.255673813004493e-01 1.744421141972755e-01
-5.718762950941354e-01 2.293529283957949e-02
-2.255673813004494e-01 -1.744421141972755e-01
-5.718762950941356e-01 2.293529283957946e-02
Multiplicity: 1

1.327018270482373e+00 -2.204742677047916e-01
-3.270182704823731e-01 2.204742677047916e-01
-3.270182704823735e-01 2.204742677047918e-01
-1.327018270482373e+00 2.204742677047915e-01
Multiplicity: 1

-0.602441004971232362062e0 0.213194572715135870615e0
-0.485072542652089785134e0 -0.882597559110784661202e-1
-0.602441004971232362008e0 0.213194572715135870710e0
0.485072542652089785161e0 0.882597559110784661473e-1
Multiplicity: 1


SINGULAR SOLUTIONS
---------------
5.883433314654556e-01 2.394200669273911e-01
-4.291990190004090e-01 8.644597402889147e-01
-9.999999999999999e-01 -2.081668171172169e-16
6.749371038403538e-18 -1.928756728442495e-16
Multiplicity: 1

8.874074590809471e-01 -3.036215807797786e-01
-1.760741687670220e-02 1.354849664425581e+00
-1.000000000000000e+00 -5.551115123125783e-16
4.147452488845356e-17 -2.899185482258104e-17
Multiplicity: 1

-0.106500990597873893136e1 -0.100031829424822945489e1
-0.132888796498788682994e-3 -0.575165724788118713794e0
0.100000000000000000000e1 -0.813151629364128325506e-19
0.954975647227580964032e-20 0.105925594480249240373e-18
Multiplicity: 1

-0.193079551535134337946931472548e1 -0.179842948003254405773500178745e1
0.247222612294900972466344421470e1 -0.802498387027066764324767914412e0
-0.100000000000000000000000000409e1 0.261649385043705195618962130533e-25
0.170500155513543959528965919996e-26 -0.300730970645977536409099942223e-26
Multiplicity: 1

0.260086094397136398864e0 -0.155904982438125911247e0
0.738715610777811666402e-1 0.695605536024419409031e0
-0.100000000000000000011e1 -0.108420217248550443401e-18
-0.270849644843071824911e-19 -0.651588533512943259411e-19
Multiplicity: 1

-0.386134214736640179598e0 -0.212321134260232563553e0
0.369002313825342112932e0 0.942226357792092313764e-1
-0.100000000000000000011e1 -0.108420217248550443401e-18
-0.373848764398106687984e-19 -0.245814905034910827647e-19
Multiplicity: 1

0.484487486264847077005074497078e0 0.442777652709872643895891577764e-1
-0.158360323477462787302158179661e1 0.527990749366773194674333188739e0
0.999999999999999999999961603300e0 0.670030874317480900944005049321e-22
0.157963542889292907343001701595e-23 -0.340337867611030584422813457601e-22
Multiplicity: 1

-0.478993863870471351196140443309e0 -0.862826319145569209671514214796e0
-0.350918275770334180865205869816e0 -0.619786988688635686050344790002e-1
0.999999999999999999999976104772e0 -0.463120105724954790735951733365e-22
0.189062153905482988670047059072e-21 -0.208192050170952030304920840343e-21
Multiplicity: 1

0.19414074440123843141963196157059489593547488402435e-29 -0.15422391417936007710394279400906474526889727700396e-28
-0.13604281919281250125921792364519565038096837303475e1 0.77857207574952133196650595665770918704364650718531e-1
0.10000000000000000000000000000192147728378609365193e1 -0.14539379101355817249756314378813535196707017585239e-28
0.25749471232149441244049486623331162784560040227784e-29 0.68251548556092038805650175059883754783302581025353e-28
Multiplicity: 6

-0.115836913735909245332172299097e1 0.323300405546978067033606449792e0
0.140869632790174569183392323603e0 -0.849135053669966161983235997740e0
-0.100000000000000000000000000003e1 0.000000000000000000000000000000e0
0.308489461090193626684591285036e-28 -0.174651863587630416330698135828e-27
Multiplicity: 1

-0.158947728751008498832e1 -0.857708755148933860136e-1
-0.685549388294276091337e0 -0.142108191479327236161e1
0.100000000000000000000e1 0.271050543121376108502e-19
0.660399919008384757490e-20 0.772749095274734944552e-19
Multiplicity: 1

-0.547134362525011494949199804785e0 -0.274974784927989406839718550982e0
-0.891714803835664396690258489234e0 -0.346652415974496340071836611576e0
0.999999999999999999999914609038e0 -0.755795642606492051385534880123e-23
0.196960418269932396343632031324e-21 0.122058202649221235076479714398e-21
Multiplicity: 1

-0.546097798584649063913e0 -0.119596326013195557907e1
-0.505453007524513423916e-2 -0.247655207050607120403e-2
0.100000000000000000000e1 0.542101086242752217004e-19
0.608439659655955735710e-20 0.212418875742943082195e-19
Multiplicity: 1

-0.471120034243638099417e-1 -0.320394175433976153102e0
0.346766443144370444229e0 0.461020610998851869145e0
-0.100000000000000000022e1 -0.149077798716756859676e-18
-0.559913364925438239931e-20 0.412648147487636254935e-20
Multiplicity: 1

2.603491659182210e-01 -1.050823112749971e+00
9.357104998822794e-01 1.029322116414738e+00
-9.999999999999998e-01 0.000000000000000e+00
-3.209485062863862e-16 -8.342332889758834e-17
Multiplicity: 1

-0.132866769100917745018e0 -0.114922731055432316501e1
-0.204045677505183699677e0 0.378110641354841010560e0
0.100000000000000000011e1 0.677626357803440271255e-19
0.000000000000000000000e0 0.000000000000000000000e0
Multiplicity: 1

-0.900355497052444794035879889222e0 -0.863437585207699753835678301295e0
0.118773107641184333510648930567e1 -0.158429473255404664103172122283e0
-0.100000000000000000000000000000e1 0.250068906955060742315517955195e-27
0.826129768903141583699217723907e-27 -0.517447168437957189929605995392e-27
Multiplicity: 1

0.255166032958025335668862722249e0 0.277409186166199194268512851516e0
-0.341640011400058981187608707645e0 0.529405848241116524417139558897e0
-0.999999999999999999999915841302e0 0.346087163072389768841900568012e-22
0.400791016315830558196216242574e-21 -0.313452549030552217248613348134e-20
Multiplicity: 1

6.296488100359520e+00 -6.718669978294969e+00
2.764443998039736e+00 8.645797443028144e+00
1.000000000000001e+00 1.054711873393899e-15
1.794926779327592e-15 1.033996372830605e-15
Multiplicity: 1

0.213439431104263992118209990360e0 -0.521593318315063612257708295756e0
-0.937589105389850254617267033620e0 0.477785985750550431710652569079e0
0.100000000000000000000003977939e1 -0.132743082336492504926447966555e-21
-0.583963597926808355564512687897e-22 -0.455456162034709263390417031504e-22
Multiplicity: 1

-0.453426173933379802915432988744e-1 -0.684836670012204201764367548512e0
-0.683934874528424654486974237489e0 0.289368569171238597719780070631e0
0.100000000000000000000003222379e1 -0.698242938425336154981416914470e-22
-0.288329487386457577050228110967e-22 -0.145657113383747548062886229623e-21
Multiplicity: 1

-1.056032761886080e-01 8.715186876083010e-01
-7.794249182295457e-01 -3.944402054864757e-02
-9.999999999999999e-01 -2.220446049250313e-16
2.691870630856843e-16 -1.823313027504388e-16
Multiplicity: 1

-0.495911670068880131804e0 0.440393411988863374895e0
-0.218752068006096358940e0 -0.254722725742736142302e0
-0.999999999999999999892e0 0.000000000000000000000e0
0.157203487406212100929e-19 -0.217381799710770292706e-19
Multiplicity: 1

0.1000000000000000000000000722268047542092e1 0.2613868407632480858498219569898979941483e-24
0.3384333657414739407215426395002696837606e-24 -0.2097007570965369256335309484261180700863e-23
0.1013698045776389790807495023679461497441e-26 0.2100829218170192050294742644056007938004e-26
-0.1554553499162407397166481250880586665245e1 -0.4346716498672760474519665680959815876204e0
Multiplicity: 3

-0.149268489692027617579e0 0.477089914711435984752e0
-0.383261884894322779372e0 0.654715215979149475729e-1
-0.100000000000000000000e1 0.000000000000000000000e0
0.232626081842736425082e-19 -0.615167444409156905924e-19
Multiplicity: 1

-0.213528039425472428745501411387e0 -0.622494204800112351421699178977e0
-0.681310752360514964677175183318e0 0.104151458613545150160126328601e0
0.100000000000000000000026085553e1 -0.125643801195159289516731213210e-21
-0.148467810263268345766367928669e-21 0.117641911957408089420501282383e-23
Multiplicity: 1

-0.617080603890719122656137742587e0 -0.153159301813513266777266651244e0
0.398075758377968510538252404985e0 -0.150257296348289364150292672150e0
-0.100000000000000000000000000020e1 -0.448072994165534705473861825081e-27
-0.327561912855285397377373943774e-26 0.391979126603153312828807698990e-26
Multiplicity: 1

0.138823551826590317856462424994e0 0.432666733894538031944680150285e0
-0.182887774423944503678334134225e1 0.503448757465915787359019722784e-1
0.100000000000000000000015993979e1 -0.125987536290556672316774098168e-21
-0.445788570992246141557074310540e-22 0.221473738343675339895638145642e-23
Multiplicity: 1

-0.417065975997021585308086025167e0 -0.190151635083435470904500588298e1
0.626416556418481667949681072025e0 0.384702207604383457087786656852e0
0.100000000000000000000000000442e1 -0.289038635672978725502857346320e-26
0.132609871614462620623691591481e-25 0.471457029357236645270835499424e-26
Multiplicity: 1

-0.599111297057078449674575228010e0 0.113261848305635191754184912635e0
0.134777550448618212454497005624e0 -0.232223722196920962679550476303e0
-0.999999999999999999999999999546e0 0.624777836935041349886089023704e-27
0.291308140217848393291424186059e-26 0.348096501656171480680286671915e-25
Multiplicity: 1

-0.345808891759511572110558021976e0 0.329860465570255194285127657510e0
-0.154927718439723661003377374498e1 -0.378119468129833063332470203997e0
0.999999999999999999999876765588e0 0.379106040665682527373936043532e-22
0.107929744822804527523906099120e-23 -0.423997872764084555631760533848e-22
Multiplicity: 1

-0.473494831488831834901e0 0.891336607290719507826e0
-0.661429209265012557737e0 -0.401161887634195245787e0
-0.100000000000000000000e1 0.000000000000000000000e0
0.122219068742423986985e-19 -0.299597796099665070575e-19
Multiplicity: 1

5.719249194539888e-01 7.102307095817807e-01
-8.765406765122495e-01 6.732135739464321e-01
-9.999999999999999e-01 1.942890293094024e-16
7.781938606092480e-17 -2.049078327122719e-16
Multiplicity: 1


----------DIMENSION 0----------

SINGULAR SOLUTIONS
---------------
0.330951251771773731785944787799e0 -0.260744065238268163980622584860e0
0.270938346404140766495896649349e1 0.833125544172809645005969873057e-1
0.999999999999999999999967410957e0 0.249620518416533119205321928678e-22
-0.710890586987661362354778206751e-23 -0.100926417897293241336386458022e-22
Multiplicity: 1

-0.751293772058257044338996246374e0 -0.627875660646338839097929065224e0
0.216791895315402766057112198114e-1 -0.402384586766471627418369314982e0
0.999999999999999999999993120047e0 -0.179785502376575739714721081016e-22
0.169815986138763941282479797617e-21 -0.122645029355351013693309883818e-21
Multiplicity: 1

-0.309068408273196171764328201193e-29 -0.257854914430795419350565877963e-29
0.999999999999999999999999999975e0 0.189326617253042833298814855668e-28
0.999999999999999999999999999987e0 0.631088724176809444329382852226e-29
-0.277443579868885380242912218160e-29 0.803097630697188745036164270639e-29
Multiplicity: 12

0.10000000000000000000000000000527506978520382865171e1 -0.89962971554774456294536495800367306212907849184330e-28
-0.22383890793420645361201704514979158649719546897891e-27 -0.22949757130031619103792139684512421462690692609337e-27
-0.84082871934771644156168377450242619469914387992434e-28 0.13663794018946608120935108280862468872933140401861e-29
0.19268777856647998546630332049488972281027516382415e-19 -0.57735026918962576450729729451935775949063030844726e0
Multiplicity: 5

-0.788010791655520391485960023292e0 -0.169799121024377329812880848297e0
-0.290490434305036642251627346606e0 -0.282336401384101579970878479933e0
0.999999999999999999969018726005e0 0.448989651294707990203921586869e-19
0.228527810904476410375872923778e-21 -0.197753893254313617207430835335e-21
Multiplicity: 1

-1.327833994916653e-01 -3.107675270447818e-01
-6.001446808310738e-01 2.291934484613561e-02
1.327833994916653e-01 3.107675270447818e-01
-6.001446808310738e-01 2.291934484613561e-02
Multiplicity: 1

0.4914157188687045422173679846049358109754e-25 0.1493531577374184585370693546624632107035e-25
-0.3333333333333333333278713759540902330253e0 0.1757242649633385910384849161616828738000e-19
0.9999999999999999999999999938355361709078e0 0.2523754504304161928412577442988941393646e-26
-0.8728617598090250592642408842842478737021e-26 -0.7562999510680879135833701214206318354770e-26
Multiplicity: 12

0.844521809261479799496179597078e-27 0.143720907594289376935443566525e-26
-0.577350269189625764497113649366e0 -0.413895920141982957972857792457e-20
-0.186043322641833927761543520540e-26 -0.285982325200635735283857936728e-28
-0.577350269189625764497113649316e0 -0.413895917617628061265620015140e-20
Multiplicity: 10

-0.383531707900431212980712326272e-27 -0.561775242592542302501443682104e-27
0.577350269189625764539827858653e0 0.126153460181542194107767902087e-19
0.495871082666021764311416523004e-27 -0.548799809526421354429560342787e-27
-0.577350269189625764539827858817e0 -0.126153455953247742123144625080e-19
Multiplicity: 10

-0.33330851728808088956877634728079297154978212472807e-25 0.55724470815723436418204162251237623510784423055660e-25
0.33333333333333333333492505938512251397220791921335e0 0.94549956474372909748180398314693761953039432580652e-20
0.99999999999999999999999999220547940721941299435699e0 -0.46300152086950796326913421746945078325004705563242e-25
-0.36953876060795124933815302432360716584429284466024e-25 0.62011223394457731427816216895164131805213304470424e-25
Multiplicity: 12

-0.330951251771773731799755306468e0 0.260744065238268163983753996597e0
-0.270938346404140766499853984964e1 -0.833125544172809645352020197461e-1
0.100000000000000000000000761898e1 -0.457816372978100466484863166936e-23
-0.327582722325084008821366632565e-23 -0.377780493492145590015124230182e-23
Multiplicity: 1

0.702270213342202193312e0 -0.100134935673460772037e1
0.680871583493849904275e0 0.100341178663979215880e1
-0.100000000000000000011e1 -0.271050543121376108502e-19
-0.182879378849471012161e-21 -0.518091734469957581444e-21
Multiplicity: 1

0.266673301656419919957e0 0.418597307666412061893e-1
-0.557007320460266947926e0 0.668026684745957145600e-2
-0.266673301656419919957e0 -0.418597307666412061893e-1
-0.557007320460266947926e0 0.668026684745957145600e-2
Multiplicity: 1

0.100000000000000000000e1 -0.338813178901720135627e-20
0.365906691359754892188e-24 0.571927034088239088424e-24
0.126186483086029426187e-24 0.533626040686715718955e-24
0.333333333333333333315e0 -0.254109884176290101720e-20
Multiplicity: 9

-0.18965670213569184645037025001711850352611986481831809622282e-33 -0.11918180793998546032815939069979431528192609637486417069564e-33
-0.18112091473817356679940209832048686277802570777297128771782e-19 0.57735026918962576450031025073349697943782743467213329967244e0
0.99999999999999999999999999999999999999996360253750974283016e0 -0.17302456112795471727218871196929037782268022253225218662410e-39
0.56287169379418254091478647265743404485990334850221032037387e-39 -0.10371992769210363477326884269459862110657419545859673974404e-38
Multiplicity: 10

-0.105344064145139483671993668486e-1 -0.816364106010294297793508941662e0
-0.145454318957748262956670341918e-1 -0.116090070440320221103452499988e0
0.999999999999999999999997091943e0 0.729997366650868258110794038507e-23
-0.439377219679834286618524389151e-22 -0.208714205437016152264215034341e-22
Multiplicity: 1

-1.020244925618085e+00 1.241302513144811e+00
-1.532992263016017e-01 -6.255430570804951e-01
-9.999999999999999e-01 0.000000000000000e+00
1.720921545076206e-21 1.145318341217654e-21
Multiplicity: 1

-0.529737305388435662985e0 -0.232799740007191179443e0
0.514055241969444979861e0 -0.799672207044420188678e-1
0.529737305388435663039e0 0.232799740007191179470e0
0.514055241969444979807e0 -0.799672207044420188814e-1
Multiplicity: 1

0.487962381884168910413465681239e-27 0.725167290660293225423635108600e-27
-0.577350269189625764517740727922e0 -0.157302943227494108718537376719e-20
-0.530919966134223066953023490908e-28 -0.402589629138899303172939702115e-27
0.577350269189625764517740728364e0 0.157302950327242255707643625424e-20
Multiplicity: 10

0.11759772729087445507185304015898214792742304441201587359498e-28 0.11008023991346001266099346023454458747936191600654107278347e-28
-0.26115335550567730921717122424349435758869868314508009612587e-1 0.11768693836558407313358114992874625849624741245923280068604e1
0.10000000000000000000000000000003465306709833181032399166212e1 0.67276769425696731042443266274435173641209183231034970237218e-30
-0.34891453514852429599844313718132193534096556436994516369134e-29 0.82854913759682930974989587780544671122565123337191337666406e-30
Multiplicity: 6

-0.100000000000000000000000077546e1 -0.628614856378036351307611671446e-24
0.337135403003107281295494538665e-24 0.426834494764485604161471528309e-24
-0.560599356854078855050882444940e-24 -0.156024284802742757211984096532e-23
0.577350269189625764541878099121e0 -0.361981965312354265997397867766e-19
Multiplicity: 3

7.170704048182924e-02 1.197694068696982e+00
-1.246982497095227e+00 -5.474243132839063e-01
-9.999999999999999e-01 0.000000000000000e+00
-1.489871743297424e-21 -8.455516918723765e-21
Multiplicity: 1

0.98942755953851881319151638529783599668861753853692e-29 0.44975883688418431287217823346329356268808117436077e-28
-0.10000000000000000000000000000325881651596088930428e1 0.20624576446875890921779229116735800597488996434921e-28
0.10000000000000000000000000000133622716524972788576e1 -0.84567876666597904138874013848097430083530086272203e-29
-0.12459191244506411861706995511930783522949340093971e-28 0.60972580884311639233665193870939243445198167174153e-29
Multiplicity: 12

8.074115066598913e-01 9.339142249189543e-01
-5.377422777094520e-01 9.831749174137954e-01
-1.000000000000000e+00 0.000000000000000e+00
2.352520221520054e-20 -2.311764421735569e-20
Multiplicity: 1

0.29742557550378833709924032513679841946054133292026840490586e-28 -0.32769553278735136552868860475201207022864324752146846702582e-29
0.16695112174778702599472623577659832066751941564841294559321e0 0.11339909186737119107238971349657563368514711883076248043243e0
0.99999999999999999999999999999999325574293161274519729556089e0 -0.17627766019769135560010739922108665234593009700494630744984e-32
0.49150452534717596720880139359941615067977003849501596775566e-31 -0.30427610857200080249052357458741140439228195303654041815147e-30
Multiplicity: 6

-0.274324497041958129005789530746e0 -0.405543624630173392811131639790e-1
0.605233157952135268461935326025e0 0.333644699391076709258801706919e-2
-0.999999999999999999999999482785e0 0.154357991046405821988523751826e-23
-0.544566908751997884994103254510e-22 0.380601659999727914805031711426e-22
Multiplicity: 1

-0.561373652138505806511233392035e-29 0.556994616772980685675271715601e-29
-0.577350269189625764503542791641e0 0.199988204915736884978937676398e-20
-0.100000000000000000000000000000e1 0.000000000000000000000000000000e0
-0.853308232052004514348513812382e-30 -0.288837536756186850001981456604e-30
Multiplicity: 6

0.33161481129306744299585387360898315268925626125059325806376e-29 -0.27592778578853306889365538766925227504617135236322676484598e-28
0.57735026918962576446104442326086689680949995978250005501452e0 0.18851818406606524766472492075483341881605332926447884359900e-19
-0.10000000000000000000000000000000438616373029001317404865401e1 -0.12435956005531987676161676490268914021513144066338652138719e-30
0.73507330539470563761009558830452113005391900217359909571716e-30 -0.45607801169704231015511872957546500926650522533097055921008e-29
Multiplicity: 6

-0.28358198684392573280728726714543502257485054420479e-33 0.39896146766509801728201347295177129088647166445886e-33
-0.60054349488547232242574014051992905979002713073872e-20 -0.57735026918962576450556973359046358845497363162733e0
0.10000000000000000000000000000000000000013470539928e1 0.87499747063948090777578289375349575403453064259420e-39
0.20393314875680016215922369723517027025385752149578e-38 0.10444571459554804017075427476025008345650296375869e-38
Multiplicity: 10

0.608727236966531838298329590429e0 0.159518689944084818614725535672e0
-0.938677122944258177731362089749e-1 0.389039453761793309965550953614e0
-0.999999999999999999999390710014e0 0.412143724702955754827412534661e-21
-0.120015584844407675772882209295e-19 -0.267547281730146303579122243608e-20
Multiplicity: 1

-0.155231364891536328720e0 0.334881538684912299187e0
-0.602917044965334112186e0 -0.287403376418755850016e-1
0.155231364891536328720e0 -0.334881538684912299187e0
-0.602917044965334112186e0 -0.287403376418755850016e-1
Multiplicity: 1

-0.497212648858470448523980020681e0 -0.317497810596991839234869933215e0
0.530532994448768956162282696149e0 -0.293969919655545821569122787700e0
-0.999999999999999999999999998788e0 0.355934040435720526601771928656e-26
-0.139324771507107527304397809103e-25 -0.327713982403216745578549183115e-26
Multiplicity: 1

0.119655683932707208790502668054e0 -0.842588935137474595956488401974e-1
-0.232826489139954465244944584776e-1 0.104393183999544357753739305395e1
-0.100000000000000000000000891471e1 -0.149051733944654790499657867866e-22
-0.574874305117772898090414199887e-22 0.636486324382215604550803064216e-21
Multiplicity: 1

0.908704387610120413136866324720e0 0.113247105553690721543778152260e0
-0.278453293996538533321243586514e0 0.123190188946689745080484226394e0
0.908704387610120413136980065197e0 0.113247105553690721543591536080e0
0.278453293996538533307991247514e0 -0.123190188946689745088934665665e0
Multiplicity: 1

0.999999999999999999999999999533e0 -0.382104500966427593246306023809e-30
0.462851565668105918046469138429e-27 0.947509690770781286813846578880e-27
0.550899573951822417437732954350e-27 0.872524046104498284960364576234e-30
-0.999999999999999999999999998776e0 0.986076131526264756764660706603e-30
Multiplicity: 10

0.999999999999999999892e0 0.000000000000000000000e0
-0.347596465226232980909e-24 0.166887994890592138313e-24
0.141701516206360090255e-24 0.421333962028336101813e-24
-0.333333333333333333288e0 0.000000000000000000000e0
Multiplicity: 9

0.660212175692713369105e0 -0.212283079089183620910e0
0.461837333946903254349e0 0.101155293726810541894e0
0.660212175692713369105e0 -0.212283079089183620897e0
-0.461837333946903254349e0 -0.101155293726810541894e0
Multiplicity: 1

0.999999999999999999999999999975e0 -0.252435489670723777731753140890e-28
0.151380780753778950400516656593e-28 -0.485077449832538125558334081124e-28
-0.239579538881953622640491882570e-27 -0.548501087732641677420234854592e-28
0.192775585067370254545611615013e-19 0.577350269189625764525035159822e0
Multiplicity: 5

-0.135471561025918292988e1 0.859470332632659876908e0
-0.658376925221639200153e0 -0.691921654233886241280e-1
-0.100000000000000000000e1 0.000000000000000000000e0
-0.813984291786322955651e-21 -0.449260436590302612556e-20
Multiplicity: 1

-0.150886230736832067497e0 0.312926448613763355495e0
-0.755488296206279224480e0 -0.123967462948687085446e0
-0.100000000000000000000e1 -0.271050543121376108502e-19
0.119536198029286066573e-20 0.963257224845774500090e-21
Multiplicity: 1

-1.346862894728438e+00 8.552177509511991e-01
6.493253386432928e-01 6.586100703026965e-02
-1.000000000000000e+00 -5.551115123125783e-17
2.798477673839404e-21 -1.014922267762175e-22
Multiplicity: 1

-0.889600016921292671921064224134e0 -0.559169118739449169358018694759e0
-0.469581786141484997208212745577e0 0.945065250677741504729834993587e-1
0.999999999999999999999524765906e0 -0.332634755920979305132781020552e-21
0.139446097452289849616898589590e-21 -0.103191306382664443395200779075e-20
Multiplicity: 1

-0.808482198605611891102432889093e0 -0.931974932798332289348633969335e0
0.129599584230660200895841203612e1 -0.118709576607939594970943979218e0
-0.100000000000000000000000000141e1 0.214806824491681514613613688327e-25
0.273160617354775142000068883459e-25 -0.149112413333119848433483975780e-25
Multiplicity: 1

-7.833656727629225e-01 2.211010964613406e-01
2.310860670940091e-01 1.968219182144287e-01
-1.000000000000000e+00 -5.551115123125783e-17
1.843980451274748e-21 1.127188096246078e-21
Multiplicity: 1

-0.119244352944056853423746196962e0 0.849306259573651914392488270411e-1
0.232324550710375064696555980862e-1 -0.104379485556891377752280106189e1
-0.999999999999999999999995887738e0 0.494006786954743780879375955980e-23
-0.185164221380382485776466823003e-21 0.137784726897757472600463215353e-22
Multiplicity: 1

-0.821066542618829813579e0 -0.741595991921539144401e-1
0.337729890055089138453e0 -0.600973021179418984926e-1
-0.821066542618829813579e0 -0.741595991921539144401e-1
-0.337729890055089138453e0 0.600973021179418984926e-1
Multiplicity: 1

-0.882328484529155534512e0 0.690140004051954629449e-2
0.271852482914244446673e0 0.746642906427788275261e-2
-0.882328484529155534512e0 0.690140004051954629449e-2
-0.271852482914244446673e0 -0.746642906427788275261e-2
Multiplicity: 1

-0.402006543191266769663e0 0.814291602786761582636e0
-0.723354953139337918762e0 -0.150848280393690047883e0
-0.402006543191266769663e0 0.814291602786761582636e0
0.723354953139337918762e0 0.150848280393690047883e0
Multiplicity: 1

0.376067413589299375187100018166e0 -0.194936581696980790813392211196e0
0.798204632272196462123342623606e-1 0.617600193940373944800608892421e0
0.999999999999999999999999632176e0 -0.516129602180761835950342471865e-24
0.508699643972534847667290918875e-26 -0.151052743124530510045464164396e-23
Multiplicity: 1

-0.839092376239610073896e0 0.389418279792131359900e-1
-0.990340091870382433528e-1 -0.110577452364737477443e0
-0.100000000000000000000e1 0.271050543121376108502e-19
-0.669571179694967280504e-22 0.197882999586089333996e-23
Multiplicity: 1

-0.788182934365924485671e0 -0.792020614803244167763e-1
0.362817059731514019686e0 -0.573527912125445229818e-1
0.788182934365924485725e0 0.792020614803244168305e-1
0.362817059731514019686e0 -0.573527912125445230225e-1
Multiplicity: 1

-0.531288707963143446419250997164e0 0.357364956792344468773139605152e0
-0.287767534055089160180485052561e0 -0.239377064841058242849327377484e0
-0.999999999999999999999999679773e0 0.269304491267969894178677544530e-24
-0.514622664337709818384887856261e-22 0.256428961728448129739654495074e-21
Multiplicity: 1

-0.623253946717679816424e0 0.245512300277804802615e0
-0.484781851123420895504e0 -0.105213310386435649972e0
-0.623253946717679816478e0 0.245512300277804802642e0
0.484781851123420895423e0 0.105213310386435650013e0
Multiplicity: 1

-0.191096159922983582908948218863e0 -0.500393194199099318632472403880e-3
-0.119109615992298358295187177893e1 -0.500393194199099360015874751936e-3
0.119109615992298358294747692381e1 0.500393194199099363594920106534e-3
-0.191096159922983582910845890774e0 -0.500393194199099317087062220942e-3
Multiplicity: 1

0.630362111177451332160640939439e-1 -0.247700623511178777997213906001e0
-0.936963788882254866762435471928e0 -0.247700623511178777943172811968e0
0.936963788882254866775598087075e0 0.247700623511178777979868578577e0
0.630362111177451332135917749063e-1 -0.247700623511178777995802791910e0
Multiplicity: 1

0.999999999999999999999999999874e0 -0.394430452610505902705864282641e-29
0.400311451199889173633873253394e-27 0.745950666416315702201150229570e-27
0.118007426238316819811759040985e-27 0.160284691893775165411575011110e-28
0.999999999999999999999999999659e0 -0.907190041004163576223487850075e-29
Multiplicity: 10

-1.216086402033715e+00 4.430781483932313e-01
-1.307241287114962e-01 1.114319040900882e+00
-1.000000000000000e+00 5.551115123125783e-17
1.771616065307618e-21 -2.791194338231554e-22
Multiplicity: 1

-0.9999999999999999999999996744423714371157e0 0.1150692315475761935505759030143476736175e-23
0.2728375950399751054813168323191209521057e-24 0.1758077623664981752514881519748211157644e-24
-0.3485136627335572958684777803367957366066e-24 0.1433460546760939533963389371511437392165e-23
-0.5773502691896257645588180578140582146473e0 -0.6379511073473170658211641513661697858159e-20
Multiplicity: 3

0.1000000000000000000000000255896248761299e1 0.6948209810137873361414446892978691599845e-26
-0.9486946411287032995269615055953233107464e-24 0.4409905218283761491862398455637900679229e-24
0.6198056224915051642551621378985543235522e-24 -0.7215100412572395886885377942002041722402e-24
-0.8012421087419542571127880578371682007387e0 -0.1576929543450309386717979551902589049241e-1
Multiplicity: 3

-0.405699147022906186287e0 -0.578018595160189084157e0
0.272912383003440399529e0 -0.164408299120893568147e0
-0.100000000000000000000e1 0.271050543121376108502e-19
-0.498365828081489382336e-21 0.592156855259595889349e-21
Multiplicity: 1

-0.133014340818975149149529563306e0 -0.589288921843007682585665411047e-1
-0.521016100908636801706093054448e-1 0.105131509328358886476472269343e1
-0.999999999999999999999944778247e0 0.833156707226619971904485782989e-22
-0.585513782301392294762047698034e-21 -0.901442487601565668978051042700e-21
Multiplicity: 1

3.332894833574866e-01 1.638161422075017e+00
-4.189192927315527e-01 5.310423894892179e-01
-1.000000000000000e+00 -6.938893903907228e-18
1.436567923473953e-20 1.670251164371388e-20
Multiplicity: 1

-0.345996370896299505644105714465e0 -0.242125001568304049313554714590e0
-0.270877918562288610785956532644e1 -0.755512023368430666018072391144e-1
0.999999999999999999999986582259e0 0.822225934979515543923978707297e-23
-0.664169197789897986131671042563e-24 -0.599455357837177316195614874434e-23
Multiplicity: 1

-0.79951313097590836949498178730012432912485093787582260250502e-29 -0.29596105428690692908283495244530833588026848193518355608775e-28
-0.16695112174778702599957431441828342803217737084585310047585e0 -0.11339909186737119107456915327819561854244091800460823071699e0
0.10000000000000000000000000000002169566958681887458080969285e1 -0.11470368271081304465580614231186651228534137625179312934522e-31
0.20761526367407974891923766132412292540707168479395420384805e-30 0.11803658972463470368704465053776159255798409834990304952721e-31
Multiplicity: 6

-0.147152110396195440352405681283e0 -0.708165734130237125901706576610e0
-0.450112433578703013752773500146e0 -0.213407761660140063732873724101e0
0.100000000000000000000001187547e1 0.581667535097799319934504551686e-23
0.517463356399770640494488835879e-23 -0.404075084475884430824144604440e-22
Multiplicity: 1

0.138199228158226181137e0 -0.634570431411422372419e0
0.458753394971104108609e0 0.305250011433415986066e0
0.100000000000000000000e1 0.135525271560688054251e-19
0.513086594569240038510e-22 -0.380669440267967693565e-22
Multiplicity: 1

-0.121404491399720269990545340243e1 0.440057773679568157097261240413e0
0.127751747476492261028675972509e0 -0.111897961188647491222943157392e1
-0.100000000000000000000000000083e1 -0.103498550764996748870018787765e-26
0.223010573497134445787261022570e-26 -0.796188812989026252993857327076e-28
Multiplicity: 1

0.1000000000000000000000000069410964250286e1 -0.4500444160005981239654875387912516775852e-25
-0.7239521110182580056433258505577495802555e-24 -0.1195989745432215818871601086992266637749e-26
0.5171437027294607824442081265064883956971e-24 0.1643448579959711192800141608338452661187e-23
-0.1669511217477870260025473492467987777860e0 -0.1133990918673711910942064966075351306859e0
Multiplicity: 3

-0.866025403784438646827875701904e0 0.235873360960951514556823620792e-19
0.288675134594812882266712667402e0 -0.600979573443059776598809229519e-20
-0.866025403784438646827875474372e0 0.235879442384333171963352956456e-19
-0.288675134594812882266712896001e0 0.600918473957139874615647035989e-20
Multiplicity: 3

0.630524584888983026813e0 0.141444338522781168013e0
-0.369475415111016973349e0 0.141444338522781168068e0
0.369475415111016973349e0 -0.141444338522781168068e0
0.630524584888983026813e0 0.141444338522781168013e0
Multiplicity: 1

0.119109615992298358271e1 0.500393194199099311179e-3
0.191096159922983582904e0 0.500393194199099316261e-3
-0.191096159922983582904e0 -0.500393194199099316261e-3
0.119109615992298358271e1 0.500393194199099311179e-3
Multiplicity: 1

0.129384910616967851755e0 -0.715298925094733745417e0
0.480106193547607350627e0 -0.128261809356353819156e0
0.100000000000000000000e1 0.000000000000000000000e0
-0.796827325204946570708e-22 -0.124393064169783279138e-22
Multiplicity: 1

-0.8660254037844386467326550083226650781465e0 -0.3666766301888542408364132984338004752218e-19
-0.2886751345948128822616887860062979075344e0 0.7732983024492614849267305119813344417973e-21
-0.8660254037844386467326550363543362383662e0 -0.3666768780109680873149677057419576811958e-19
0.2886751345948128822616887571177995229209e0 -0.7733238421635889193807686003966022616559e-21
Multiplicity: 3

-0.145722625751699199042e1 -0.771850026017997653863e0
0.610957504990841593167e0 -0.123254376805411336383e0
-0.100000000000000000000e1 0.000000000000000000000e0
-0.603929118567799309663e-22 -0.279014734809057017805e-22
Multiplicity: 1

0.105344064145139483544452736457e-1 0.816364106010294297768213957387e0
0.145454318957748262917462364317e-1 0.116090070440320221100215232032e0
0.999999999999999999999995165949e0 0.233849926743716739596252815892e-23
-0.623323456738529832844618728503e-23 0.238406397926214828510095576125e-22
Multiplicity: 1

0.133392955130846044128639704033e0 0.582374969566146019318264321279e-1
0.520082792581232030120011143787e-1 -0.105142679168720738864070643679e1
-0.999999999999999999999989296748e0 0.129227217634343840063050098453e-22
-0.698376908408280319379900932784e-21 0.574029871680089792307401476818e-22
Multiplicity: 1

-0.967963517015673720494189216975e0 -0.820316932037323623566558359049e-2
-0.146170642094892937613640402932e0 0.181075317455989122259940928209e-1
0.967963517015673720494004598406e0 0.820316932037323623548517180828e-2
-0.146170642094892937617653747820e0 0.181075317455989122365307032226e-1
Multiplicity: 1

-0.8660254037844386467782761209736515379230e0 -0.2789454005630275699338173745910035775355e-19
-0.2886751345948128822608131018620477833590e0 -0.2487884426632453695419084273957515077691e-20
0.8660254037844386467782760399257735264250e0 0.2789447224098402560703488151285020066021e-19
-0.2886751345948128822608131945405891111478e0 -0.2487961973694436148920338524082784090100e-20
Multiplicity: 3

0.379346985216317763036499484771e-1 0.626999563873596677619025925029e0
-0.850595316148398890520968377011e-2 0.349597096821354606977113797789e0
0.999999999999999999999998944996e0 0.116179016499881381034929077415e-23
-0.109142112702033746299484931368e-23 0.407082789838330419297113791740e-23
Multiplicity: 1

-1.283625526888188e-01 -1.586749127159114e-01
1.128362552688818e+00 1.586749127159111e-01
1.128362552688818e+00 1.586749127159111e-01
1.283625526888188e-01 1.586749127159114e-01
Multiplicity: 1

0.866025403784438646678e0 0.271050543121376108502e-19
-0.288675134594812882226e0 -0.135525271560688054251e-19
0.866025403784438646678e0 0.271050543121376108502e-19
0.288675134594812882226e0 0.135525271560688054251e-19
Multiplicity: 3

-0.663648283640367449471934357146e0 0.256839736759312031878126416535e0
0.604419858501478851131007521285e-1 -0.270563727071529216916568678800e0
0.100000000000000000000001551416e1 0.113441795376509305432039245170e-22
0.573718306625069643558100471648e-22 0.520008916573537161843214606168e-23
Multiplicity: 1

0.13711205157539864967512660167800395046386454867218e-28 0.34362173534228312846956235363683456346857278314079e-28
0.80124210874195425713932618333391418652100814903898e0 0.15769295434503093883411386111694766941607487099380e-1
0.10000000000000000000000000000134146723282198347506e1 -0.21111791176130448352560847003305883151258013657840e-28
-0.29970266643123439829089140045013022518440573050176e-29 -0.25433700971519459815247431418548261755133939181088e-28
Multiplicity: 6

-0.76533601921551742371486844909224132017480792849062318407854e-28 -0.76182105338022332161404533883136909934761575687870251726976e-29
-0.80124210874195425709703314125846389672367971946227224754780e0 -0.15769295434503093831637611556966043396373461151334283077012e-1
0.10000000000000000000000000000265081722202296889603445347277e1 -0.15179067827589291427367942242103091393259840599895459416110e-28
-0.34517969505539594324347678099920156958075286684102094174857e-28 0.17387266303512920944905546763638747066121218061304016670356e-29
Multiplicity: 6

-1.164599936259842e+00 -1.181450480241267e+00
-7.760849220003567e-02 6.156258049744872e-01
-1.000000000000000e+00 0.000000000000000e+00
-7.068780481265517e-21 -1.011858034573130e-21
Multiplicity: 1

0.497630641952997212133010987098e0 -0.659867045790568973482930297183e0
0.149171980086437161062505030763e0 0.418421645812669722543315938947e0
0.100000000000000000000000895227e1 0.430400616622411510604306117070e-23
0.105930888642062654199524031448e-22 -0.588847438209004638270187772570e-22
Multiplicity: 1

0.125173947124277366492e1 0.294135837067530007656e0
-0.866692843530871069688e0 0.761453930165422939315e0
-0.100000000000000000000e1 0.271050543121376108502e-19
-0.525566709783598544921e-21 -0.338574410563434444788e-21
Multiplicity: 1

-0.467767083074096912429006089287e0 0.735687930004600677036631440239e0
0.510568539603068977122160230572e0 -0.383811723172237750536664809881e-1
0.999999999999999999999997061133e0 -0.231479557495708643323351653899e-23
0.196436034250675924400658944837e-21 0.244808749749335322949362624798e-21
Multiplicity: 1

0.100000000000000000000000009585e1 0.260702751957439981452468056255e-25
-0.823703482861428467836400129493e-24 -0.269018666121916471250307473258e-24
0.243778326579760144079950486559e-23 0.977336659320991289830672900273e-24
0.166951121747787026005779491221e0 0.113399091867371191082414397978e0
Multiplicity: 3

0.591901550573939847018783260330e0 -0.480140757655253899312690235838e0
-0.892161767474585996661529250174e-1 -0.360767074594274620510306301798e0
0.100000000000000000000001021675e1 -0.936928519409185279263899193529e-24
0.392654334421778674394346755972e-22 -0.173884801002139874418319482688e-22
Multiplicity: 1

1.421701152977772e-01 2.759160097746435e-01
5.936813311312558e-01 -2.202472879258685e-02
1.421701152977772e-01 2.759160097746435e-01
-5.936813311312558e-01 2.202472879258685e-02
Multiplicity: 1

0.451783539758625899476e0 -0.487260836298735733194e0
-0.548216460241374100551e0 -0.487260836298735733140e0
0.548216460241374100551e0 0.487260836298735733140e0
0.451783539758625899476e0 -0.487260836298735733194e0
Multiplicity: 1

0.570490001628020872062e0 -0.628989393795986398037e-3
0.474180607137559962473e0 0.252247178177394915880e-3
0.570490001628020872062e0 -0.628989393795986398037e-3
-0.474180607137559962473e0 -0.252247178177394915880e-3
Multiplicity: 1

-0.379346985216317762513289144761e-1 -0.626999563873596677609853639986e0
0.850595316148398892185758529770e-2 -0.349597096821354606982978276931e0
0.100000000000000000000000008992e1 0.343485815351332960312374851895e-24
-0.511009452111351418324946455811e-23 -0.132535376823926068041975523375e-23
Multiplicity: 1

0.653205261145612160684767496104e0 -0.152393124850614884578163042942e1
-0.656151310938464616133057221797e0 0.254104207652260394625116518042e0
-0.100000000000000000001071257602e1 -0.427230354438749503928937376786e-19
0.915805371521408575910250261889e-21 -0.279886673958130793274925081423e-20
Multiplicity: 1

0.156364170522068320769177374028e0 -0.164884694077199089443872361225e1
0.462025559097886979051174889330e0 0.530351347572585745654186728139e0
-0.100000000000000000000000000775e1 0.165534572351577117247597122139e-25
-0.256036099696458880363414840521e-27 -0.225222214224524239197842310140e-25
Multiplicity: 1

0.121293605871220206699892453380e1 -0.378816523987262258550569684621e0
-0.101497105567793322779258755392e1 -0.737455605067267751515515764866e0
-0.999999999999999999999516938122e0 0.157535144119401551455055596857e-21
0.261086863047643505891530343159e-21 -0.381588116768381858094717132560e-21
Multiplicity: 1

0.751293772058257044369280386557e0 0.627875660646338839097387148920e0
-0.216791895315402766055150879372e-1 0.402384586766471627455875089112e0
0.100000000000000000000003699124e1 -0.185539390710385382142449796233e-21
-0.206488331275955296604054264678e-21 -0.259277842700388233428021007398e-22
Multiplicity: 1

0.532424619142377371920e-1 0.231684299705706533114e0
-0.946757538085762262849e0 0.231684299705706533127e0
0.946757538085762262849e0 -0.231684299705706533127e0
0.532424619142377371987e-1 0.231684299705706533087e0
Multiplicity: 1

-0.126255195506962080159e1 -0.361202048058092551637e0
-0.324291930673394594671e0 -0.108349235503624127222e1
-0.100000000000000000000e1 0.000000000000000000000e0
0.301866423302783583750e-23 -0.112331691112915732547e-23
Multiplicity: 1

0.786790089589649979933e0 -0.503469354094321050496e-1
0.197039259101561424668e0 -0.289878326445961799002e0
0.999999999999999999946e0 -0.271050543121376108502e-19
-0.880825860565146940034e-22 -0.424362685392274882002e-21
Multiplicity: 1

-0.497630641952997212121949417206e0 0.659867045790568973499757914128e0
-0.149171980086437161089591488563e0 -0.418421645812669722532851054571e0
0.999999999999999999999990135301e0 -0.253276415395689376316322043541e-23
-0.419653876545711355854011486276e-22 0.176213490691453562573021063912e-22
Multiplicity: 1

0.9999999999999999999999999447506207114426e0 -0.2200537277371921120894125869941025827020e-26
-0.3772236755583713584467308754077613407621e-24 -0.1752478214972874930861883363152070172982e-24
-0.8510272274217572656810925838500305231144e-27 0.8487325728121193166843008965872299100659e-25
0.8012421087419542571319197972394483502616e0 0.1576929543450309387154173691852824683920e-1
Multiplicity: 3

0.690941507301795179187e0 0.175466966941923872624e-1
0.309058492698204820840e0 -0.175466966941923872557e-1
0.309058492698204820867e0 -0.175466966941923872760e-1
-0.690941507301795179187e0 -0.175466966941923872624e-1
Multiplicity: 1

0.459364253455256087472424730707e0 -0.334907504420821943033661650855e0
-0.201216282131377731659045257469e0 -0.224503359415598016250041198819e0
0.100000000000000000000002832563e1 -0.181868852472828223052341239688e-22
0.186819393366296671576728513209e-22 0.896345905539525297602411641279e-23
Multiplicity: 1

0.446738543924704053015e0 -0.331921418820453230445e0
-0.558012669764257318236e0 -0.885774937714321216912e-1
-0.446738543924704053015e0 0.331921418820453230445e0
-0.558012669764257318290e0 -0.885774937714321216708e-1
Multiplicity: 1

-0.115163572425120706526891283392e0 0.399857906118461020153356703736e0
0.271252859053039433678612577676e1 0.808828861846650563223230969401e-1
0.100000000000000000000000260733e1 -0.285838384752678124810663045876e-23
-0.325020413627782387696334664827e-23 -0.101990608191461354756894619727e-22
Multiplicity: 1

0.8660254037844386467909856850892919395154e0 -0.4632992318494562812044159388507009155178e-19
-0.2886751345948128822628521586645279562249e0 0.1170001378331683447752297020426228144644e-19
-0.8660254037844386467909850854534236380993e0 0.4633038117585096763797438435848011060127e-19
-0.2886751345948128822628527639554602646487e0 0.1169955147317707080972173448047998393069e-19
Multiplicity: 3

1.725129845850499e-01 -3.016838306619108e-01
5.954825994586754e-01 2.913288486562443e-02
1.725129845850499e-01 -3.016838306619108e-01
-5.954825994586754e-01 -2.913288486562443e-02
Multiplicity: 1

-0.567193521140961608673046140516e0 -0.678187589696903731615751117668e0
0.459656697584222400794138215512e0 0.962439106848408933183231806229e-1
0.999999999999999999999999890771e0 0.236367970753182209279127053473e-24
-0.132469097344782964749270043714e-21 -0.860720002001577360096265961381e-22
Multiplicity: 1

0.142674070072366367076299826552e0 0.640766484306542462292445740513e0
0.479007966850609402340683368199e0 -0.273975063337486834584668975284e0
0.999999999999999999999997624771e0 -0.115971388309627210727744710457e-23
-0.168049083174232718412832322159e-22 -0.101391250318576803179010348973e-23
Multiplicity: 1

-0.365913765451369962618e-1 -0.119893453473093136588e1
0.117948919212812116080e1 -0.572683670743812543052e0
-0.100000000000000000000e1 -0.677626357803440271255e-20
-0.158582290662211718919e-22 0.174758550635253318665e-22
Multiplicity: 1

-0.8660254037844386467790264374677483951483e0 -0.1692939271133367527794934782988945709251e-20
0.2886751345948128822536463179035794576132e0 0.9882641999750208226456940454486647792874e-21
0.8660254037844386467790265469143064846746e0 0.1693068226481912957737828702530778889415e-20
0.2886751345948128822536462092982050511207e0 0.9881362357507001254812814335941102086692e-21
Multiplicity: 3

-0.747225063909711397468e0 -0.257505774924680739879e0
-0.436890577796094041008e0 0.146806224795733877188e0
0.747225063909711397468e0 0.257505774924680739879e0
-0.436890577796094041008e0 0.146806224795733877188e0
Multiplicity: 1

-0.713907092915256267077470360079e0 -0.392853936026745783967193847002e0
0.989970772993139791184280554117e-1 0.204332378891936255979939296965e0
0.100000000000000000000000398803e1 0.337707046344572647172303450760e-22
0.132123343615729007389613910498e-21 0.651403344560596341976388317859e-22
Multiplicity: 1

-0.354496271111649242643614879503e-27 -0.163595961384516470860998514190e-28
0.577350269189625764563320126401e0 -0.160095847012939859496085890102e-19
-0.582201631976276388729842171890e-28 0.229254844096475551966486017973e-27
0.577350269189625764563320126338e0 -0.160095847833355200925938167730e-19
Multiplicity: 10

0.345996370896299505665997115363e0 0.242125001568304049340612348195e0
0.270877918562288610805232880240e1 0.755512023368430667247960532024e-1
0.999999999999999999999982052695e0 0.145652626967366077151555378886e-22
-0.511055330307830706543605099558e-23 -0.113030868975465057939375475613e-22
Multiplicity: 1

-8.123580123920739e-01 -9.250787025071416e-01
-1.314018516617674e+00 1.194155131724385e-01
-1.000000000000000e+00 5.551115123125783e-17
-8.004602602369718e-21 -3.259392774414800e-21
Multiplicity: 1

0.620996279295816771075881255960e0 -0.235829227540162737356864883003e0
0.483250173827010057144983431443e0 0.101016740936943262742081636957e0
-0.620996279295816771075881281330e0 0.235829227540162737356864850183e0
0.483250173827010057144983405650e0 0.101016740936943262742081603598e0
Multiplicity: 1

-6.096393821903553e-01 -2.934429434332280e-01
-3.544958680135218e-01 3.509822837378641e-01
-1.000000000000000e+00 -5.551115123125783e-17
-1.275831577542613e-21 -1.261523245653460e-21
Multiplicity: 1

0.516413010957111264171e0 -0.276400955501586876998e0
0.483586989042888735775e0 0.276400955501586876998e0
0.483586989042888735775e0 0.276400955501586876998e0
-0.516413010957111264171e0 0.276400955501586876998e0
Multiplicity: 1

-0.115175809404741213155679867584e1 -0.787001356039465971096430801141e0
0.755032826984049879142468603062e-2 -0.356307700687477666801428181777e-2
-0.999999999999999999999999998624e0 0.349623153193952432158478100133e-26
0.130244320997659721925273835081e-24 -0.973827749840672066340685565931e-25
Multiplicity: 1

-0.266673301656419919930e0 -0.418597307666412061757e-1
0.557007320460266947926e0 -0.668026684745957148310e-2
0.266673301656419919930e0 0.418597307666412061757e-1
0.557007320460266947926e0 -0.668026684745957148310e-2
Multiplicity: 1

-0.3783934886953335471590361190508588207947e0 -0.1776297149052194587367165589654603239571e0
-0.7741663999525419928900364436857387174004e-1 0.6172976533094957233947840546590458963181e0
0.9999999999999999999999996835895894755079e0 -0.1356302716732185616875193457541185786035e-23
-0.6079541530995913231774413326900169264472e-24 -0.1468659551848588436321593886027652861125e-23
Multiplicity: 1

-0.125930064988189776090e1 -0.356175187186756808937e0
0.318860155538802349728e0 0.108677942513281349088e1
-0.100000000000000000000e1 0.135525271560688054251e-19
-0.173928683000814645253e-23 0.229877151689639727186e-22
Multiplicity: 1

-0.116416203876103779929916939719e1 -0.117460678741178406641815330877e1
0.742088177192939643041640813735e-1 -0.611744532894657142789802025335e0
-0.100000000000000000000000001176e1 -0.341608326396906952215494937910e-25
-0.173860776123219206710154491605e-25 0.653510905456014973554645732256e-26
Multiplicity: 1

0.154498592148852183546876327263e0 -0.165571602775337933727647966314e1
-0.466281746511996858768148320893e0 -0.531422278072911494937210975896e0
-0.999999999999999999999999998296e0 0.487831583788673700466612944771e-26
0.173112540013901873315506324933e-26 -0.105004396682029123695073817827e-27
Multiplicity: 1

-0.602645194442975311202e0 -0.450337437171505863592e0
-0.225859490341562422884e0 0.228789570040504278812e0
-0.100000000000000000000e1 -0.271050543121376108502e-19
0.278501696056090964291e-21 -0.140456836426523880346e-20
Multiplicity: 1

-0.374021732802985802966e0 0.810988940817531692141e0
0.724841226320984624717e0 0.139491462826144246233e0
-0.374021732802985802966e0 0.810988940817531692141e0
-0.724841226320984624717e0 -0.139491462826144246233e0
Multiplicity: 1

0.112836255268881881543577009953e1 0.158674912715911504187451849284e0
-0.128362552688818815434353397074e0 -0.158674912715911504182610439350e0
-0.128362552688818815431024031257e0 -0.158674912715911504181968751437e0
-0.112836255268881881544093950606e1 -0.158674912715911504188448178875e0
Multiplicity: 1

-0.146391175676192811239e1 -0.777484366646442462477e0
-0.620509747794977712418e0 0.123819605831559616680e0
-0.100000000000000000000e1 -0.271050543121376108502e-19
-0.165964804671988664706e-22 0.418514268725233975638e-22
Multiplicity: 1

-0.969495256209431472800039736388e0 -0.898037103435969828054572605784e-2
-0.143055081110761671598286114032e0 0.202868877479700375838677515214e-1
-0.969495256209431472799849289740e0 -0.898037103435969828032991763244e-2
0.143055081110761671610373743460e0 -0.202868877479700375941541031530e-1
Multiplicity: 1

-0.126474369391002056014e0 0.153958154826077210544e0
0.112647436939100205593e1 -0.153958154826077210544e0
0.112647436939100205593e1 -0.153958154826077210544e0
0.126474369391002056028e0 -0.153958154826077210544e0
Multiplicity: 1

0.946757538085762262849e0 -0.231684299705706533127e0
-0.532424619142377372021e-1 -0.231684299705706533100e0
0.532424619142377372021e-1 0.231684299705706533100e0
0.946757538085762262849e0 -0.231684299705706533127e0
Multiplicity: 1

0.899562886647121692741e0 -0.100183388254178731646e0
-0.280080424822793077840e0 -0.107256404404839666000e0
0.899562886647121692796e0 -0.100183388254178731619e0
0.280080424822793077840e0 0.107256404404839666000e0
Multiplicity: 1

-0.272987550964477784327e0 -0.186677697426084931087e-1
-0.555534077059900536187e0 0.305775946333410858350e-2
-0.272987550964477784327e0 -0.186677697426084931087e-1
0.555534077059900536187e0 -0.305775946333410858350e-2
Multiplicity: 1

-0.845181996887366521404e0 -0.783377860104420354931e-1
-0.106778135459395488285e0 0.130898232438951058252e0
-0.999999999999999999946e0 -0.271050543121376108502e-19
-0.825577356528357750130e-21 0.124681468923496628238e-21
Multiplicity: 1

0.687128309271591793079618672342e0 0.701063383794424779981871593777e0
0.715202802509657574865664317212e-1 -0.414185583719449720891851396700e0
0.100000000000000000000012411733e1 -0.504614883537176606190997418220e-22
0.109878875949860654163970985762e-21 0.246839045427665593926913048435e-22
Multiplicity: 1

0.877562661099649224459e0 0.812781338087470635887e-1
0.984309089644259413451e-1 -0.102810020119570111830e0
-0.100000000000000000011e1 0.000000000000000000000e0
0.128693810132194899130e-20 0.534597242492392485109e-21
Multiplicity: 1

0.733134046030959843950e0 -0.541363553373994198898e0
0.511389661570789592980e0 0.105377336681369581495e0
0.100000000000000000011e1 -0.338813178901720135627e-20
0.263586328215014007105e-22 -0.261240426443655786404e-24
Multiplicity: 1

0.432520578637576717760833209490e0 -0.322772147977128425854467190919e0
0.236046072745607192915016374082e0 0.230255655244528570721178922155e0
0.100000000000000000000000986359e1 0.491590979318594954326483078422e-23
-0.841163717670606900023142648395e-22 -0.192430926551028367029672498181e-22
Multiplicity: 1

-1.018023555695446e+00 1.234656194842946e+00
1.511688984122945e-01 6.214244903702899e-01
-1.000000000000000e+00 5.551115123125783e-17
-2.472884646690258e-21 -4.516573341066832e-21
Multiplicity: 1

-0.355115249016199593303417653618e0 0.510620538575697823721417089161e0
0.317980077634451232048112054943e0 0.437744455893293868554437075974e0
0.100000000000000000000001275832e1 -0.393487606056585749396036184660e-23
-0.118825045673558851188204470547e-21 0.733153203593289979142192577135e-22
Multiplicity: 1

0.612066665592980320377e0 0.446286680710725182863e0
0.233061906084374031753e0 -0.234887295670782198802e0
-0.100000000000000000011e1 -0.271050543121376108502e-19
0.903039407502824800584e-22 -0.149752255766561422755e-21
Multiplicity: 1

0.153399609945194131231e-1 0.147300152513915330761e0
-0.446362047801629869919e-1 0.102191796080112025282e1
-0.100000000000000000000e1 0.000000000000000000000e0
-0.931975130830029429595e-21 0.124927908963692687043e-20
Multiplicity: 1

0.567193521140961608621711667383e0 0.678187589696903731656957513240e0
-0.459656697584222400853408188019e0 -0.962439106848408933605298722069e-1
0.100000000000000000000015872858e1 -0.134840878053641395432248824800e-21
0.109512291253668282608621812740e-21 0.143311750991253178478441656895e-21
Multiplicity: 1

0.998644971670726775073846422587e0 -0.523501308506780676800094227654e-3
0.305826779117276295145292135656e-1 0.569812701286115778180814300850e-2
0.998644971670726775074226275042e0 -0.523501308506780674106446297076e-3
-0.305826779117276295161977688478e-1 -0.569812701286115777851148557881e-2
Multiplicity: 1

1.436118150984144e+00 -2.485602014417193e-01
2.314140346067863e-01 -3.624088541175766e-01
-1.000000000000000e+00 5.551115123125783e-17
-6.843948526121856e-21 3.864801935292363e-21
Multiplicity: 1

-0.591901550573939847019661879470e0 0.480140757655253899379059100098e0
0.892161767474585996611175745897e-1 0.360767074594274620523059148595e0
0.100000000000000000000004358160e1 0.594014036568458636751593786047e-24
-0.300449366842967156045506560049e-22 -0.485325557680079270662417388684e-22
Multiplicity: 1

-0.348698766441586408378078388019e0 -0.506906370378789680855493330166e0
0.316622064601606051199638246157e0 -0.426170472276014868113576697471e0
0.100000000000000000000000010683e1 0.805887678999302124219735314636e-24
0.151504730302756589684755609352e-22 -0.198133892092941699020754150159e-22
Multiplicity: 1

0.967963517015673720312e0 0.820316932037323625054e-2
0.146170642094892937597e0 -0.181075317455989122137e-1
-0.967963517015673720312e0 -0.820316932037323625054e-2
0.146170642094892937597e0 -0.181075317455989122137e-1
Multiplicity: 1

-0.424788793376673755615287731627e0 0.123789742540053834289577198244e-1
0.270535780214485398480614178843e1 0.798268328221051477443380753289e-1
0.100000000000000000000000473115e1 -0.564278516391831512505452736575e-23
-0.377079981009362396340354492168e-23 -0.778718486191550692949171508640e-23
Multiplicity: 1

-0.138199228158226181126353471940e0 0.634570431411422372381484656616e0
-0.458753394971104108609142327629e0 -0.305250011433415986080368439430e0
0.100000000000000000000013047169e1 -0.190697689060753160657092656383e-22
-0.485898222039162468495167920919e-22 -0.485887441241796410484373308138e-22
Multiplicity: 1

0.152484089820042958979e0 -0.274515453301644641839e0
0.731867281108000939359e0 0.114021042572489735753e0
-0.999999999999999999946e0 0.000000000000000000000e0
0.136652647972935563593e-22 0.633278907680191691812e-21
Multiplicity: 1

-0.808410342888278659421793905162e0 -0.266569723783398741868984819113e0
0.207122337834851083408403612000e0 -0.215495968222892465380697038522e0
-0.100000000000000000000000000000e1 0.567979851759128499896444567004e-28
0.133872520358744107289643732469e-25 -0.392949938824915461486500113638e-26
Multiplicity: 1

7.573839079249602e-01 2.447663812236042e-01
4.277425389310127e-01 -1.444654992721239e-01
7.573839079249602e-01 2.447663812236042e-01
-4.277425389310127e-01 1.444654992721239e-01
Multiplicity: 1

-0.129384910616967851741896986291e0 0.715298925094733745318773936006e0
-0.480106193547607350566111404361e0 0.128261809356353819163150372459e0
0.100000000000000000000008370816e1 -0.442380069002480542838455328247e-22
-0.610281562040297109736199973333e-22 0.247965932259059478976464297857e-22
Multiplicity: 1

0.311090026750663884613e0 0.108420354195395150342e0
-0.552635987578195877372e0 0.203440068116504255251e-1
0.311090026750663884613e0 0.108420354195395150383e0
0.552635987578195877427e0 -0.203440068116504255556e-1
Multiplicity: 1

-2.361249032175924e-01 -2.984105933195076e-02
5.613044471769839e-01 -4.184429847358465e-03
-2.361249032175924e-01 -2.984105933195076e-02
-5.613044471769839e-01 4.184429847358465e-03
Multiplicity: 1

0.397874599519009444773486749194e0 -0.440271621695701783960904736980e0
0.602125400480990555203953388590e0 0.440271621695701783989920627234e0
0.602125400480990555203800672048e0 0.440271621695701783990011192340e0
-0.397874599519009444773303060117e0 0.440271621695701783960795804307e0
Multiplicity: 1

-0.751613548082583085683e0 -0.259704191632312331677e0
-0.435673869143039992080e0 0.149345035931448391416e0
-0.751613548082583085737e0 -0.259704191632312331650e0
0.435673869143039992026e0 -0.149345035931448391376e0
Multiplicity: 1

0.147152110396195440344295892792e0 0.708165734130237125902224816283e0
0.450112433578703013735431054892e0 0.213407761660140063701868624793e0
0.100000000000000000002568912553e1 -0.226024201833229623124725342832e-19
0.114698878868251447036503482732e-21 0.387852456635335010823099508115e-22
Multiplicity: 1

0.881538244284406748283e0 -0.437506693139438587357e-1
0.861193882794733978853e-1 0.810876008266392014196e-1
-0.100000000000000000011e1 0.271050543121376108502e-19
0.230283428092519745213e-20 0.374383513719467278310e-21
Multiplicity: 1

-0.786790089589649979997432916925e0 0.503469354094321050055730076045e-1
-0.197039259101561424683978525192e0 0.289878326445961799005442546599e0
0.100000000000000000000014723287e1 0.364762656142592002323217830067e-22
-0.196499009600182927360100909354e-21 -0.261046474370694993583231488735e-22
Multiplicity: 1

0.816722466654405881178e0 -0.191911008011405802661e0
-0.183957242824117590314e0 -0.171075121236683445720e0
-0.100000000000000000000e1 -0.271050543121376108502e-19
-0.565382143157081319384e-22 -0.280472534176074261409e-22
Multiplicity: 1

0.570943116798318377468410424360e0 -0.773487803648706729336233523833e-1
-0.139159209861305641972981101672e0 -0.403707917696184021047915939101e0
-0.999999999999999999999999998397e0 0.161558713389263217748322010170e-26
0.542086101852361831536539390836e-25 -0.886963405563847236335863093375e-25
Multiplicity: 1

0.438189163167842781653e0 -0.284515985529544871931e0
-0.549573632070605186156e0 -0.756172993825198738177e-1
0.438189163167842781653e0 -0.284515985529544871931e0
0.549573632070605186156e0 0.756172993825198738177e-1
Multiplicity: 1

-0.422450496691396522873e0 -0.801537294648640081141e0
-0.716128831022722394588e0 0.157611225602809788772e0
-0.422450496691396522873e0 -0.801537294648640081141e0
0.716128831022722394588e0 -0.157611225602809788772e0
Multiplicity: 1

0.910111214563365257025e0 0.294649529508577945358e0
-0.354201901598625503483e0 0.217751691100516135726e0
0.999999999999999999946e0 0.000000000000000000000e0
-0.232737638809845609705e-21 0.811939646007340733515e-21
Multiplicity: 1

0.410376793143694386261075445346e1 0.106286260862725373701405311087e0
0.205224896236982354203210867711e-4 -0.486606454578460463739755627269e-5
-0.100000000000000000000000008416e1 -0.542906696747583860673238186285e-24
-0.755687553035812779981020580441e-21 -0.425042321184427033793301150015e-21
Multiplicity: 1

0.595423761421738776723e0 0.118120335228124685592e1
0.544326631925030615754e-2 -0.428847784239752217653e-2
-0.100000000000000000000e1 -0.271050543121376108502e-19
0.127113742788312903024e-21 0.233927742610683240459e-21
Multiplicity: 1

0.483586989042888735829e0 0.276400955501586876998e0
0.516413010957111264225e0 -0.276400955501586877052e0
0.516413010957111264225e0 -0.276400955501586877052e0
-0.483586989042888735829e0 -0.276400955501586876998e0
Multiplicity: 1

8.048446312604896e-01 9.336850187411184e-01
5.340529358848343e-01 -9.781568041458446e-01
-1.000000000000000e+00 0.000000000000000e+00
2.314261538828075e-21 4.914008177487891e-21
Multiplicity: 1

0.308945240606997974654e0 0.728442288636687090766e-1
-0.589616256598527415820e0 0.190598466054636322048e-1
-0.100000000000000000000e1 0.000000000000000000000e0
0.314936278678557018158e-21 0.237910125862686814729e-21
Multiplicity: 1

0.889600016921292671932358635031e0 0.559169118739449169362811504171e0
0.469581786141484997207785914745e0 -0.945065250677741504957371108245e-1
0.999999999999999999999947765935e0 0.279415554993015547908134071423e-21
-0.102451220855800542739137569116e-20 -0.189748809860748740748275581102e-22
Multiplicity: 1

-0.49425171395503151075313203560814682176253916506935317506489e-28 0.39422580178070632680606135065470642483663045065734166473332e-30
0.26115335550567730913587928690630449426399627785631305554189e-1 -0.11768693836558407313675298882249536370429937155312393743251e1
0.10000000000000000000000000000003957943065807023106301848871e1 0.34279390496445443642731224381441492072384371569327064843096e-30
-0.41968964169684666406879965774651851805987214217787116446832e-29 -0.13877018352412708531091183491915103428897686226066236132593e-29
Multiplicity: 6

1.461230889096902e+00 1.785222764548329e-01
-2.866677365872941e-01 -3.254804955446395e-01
-1.000000000000000e+00 0.000000000000000e+00
2.478068194139339e-21 -9.001473912071544e-21
Multiplicity: 1

0.129662753233655353565e1 -0.214319300286241300538e-1
0.121454362694676922959e-1 0.192908292641545316563e-2
-0.100000000000000000000e1 0.271050543121376108502e-19
-0.121023147508432826571e-20 -0.353446411174149597545e-21
Multiplicity: 1

7.451960014023007e-02 1.201433225000786e+00
1.236378217304786e+00 5.496215848370153e-01
-9.999999999999999e-01 0.000000000000000e+00
6.641874695083321e-22 6.158650600061468e-21
Multiplicity: 1

7.472250639097113e-01 2.575057749246807e-01
4.368905777960940e-01 -1.468062247957338e-01
-7.472250639097113e-01 -2.575057749246807e-01
4.368905777960940e-01 -1.468062247957338e-01
Multiplicity: 1

-0.834948838321169940327623018435e0 0.180308253979120358221540860755e0
0.421852193114361246637027944826e0 0.249826751955069685608454623483e0
0.999999999999999999999758476287e0 -0.733268570876428057488814291465e-21
-0.209932469762658915709383851574e-22 -0.920616802154703006372730969883e-21
Multiplicity: 1

-0.911341000493614518585964696350e0 -0.186740618284654051493613158278e-2
0.237681970554547965196506914712e0 -0.238672404001681884195848391564e-2
0.911341000493614518540968570517e0 0.186740618284654054912021847881e-2
0.237681970554547965220201353444e0 -0.238672404001681885766977917509e-2
Multiplicity: 1

-0.116862468117817408796e0 0.112565017980658191939e1
0.670980205092852491781e-2 0.379143001382388944806e-2
-0.999999999999999999892e0 0.271050543121376108502e-19
-0.371978643090457669739e-22 0.322699817694925747795e-21
Multiplicity: 1

-0.1581225467428097304035313372432843843554e0 0.2560979825343603835256327625056606597539e-2
0.2850416458922696263100063437956854090600e3 -0.1189274904730989489428998991915212095670e2
-0.9999999999999999995680757781856821723001e0 -0.9990561781697160156626814891355591011885e-18
-0.3411927193381085817869130910321670893387e-21 0.6972047430469898878769474538791620399709e-21
Multiplicity: 1

-1.339253820523847e-01 3.658313746239386e-01
-6.104761997648647e-01 -2.675185187788964e-02
-1.339253820523847e-01 3.658313746239386e-01
6.104761997648647e-01 2.675185187788964e-02
Multiplicity: 1

0.535109121306828289038e0 -0.346014605218703605565e0
0.287798592910073526682e0 0.243830862702922356489e0
-0.999999999999999999892e0 0.135525271560688054251e-19
-0.426832104536784058323e-21 0.409326377336870823508e-21
Multiplicity: 1

0.832810047561666504333978336394e0 0.227341878145168019413026770476e0
-0.172133793023112249422689417606e0 0.196077794725051238820476825553e0
-0.999999999999999999999863743224e0 0.658006993291229821324975049590e-22
0.407023101249771984763363521098e-21 -0.191276759344363983936779445958e-20
Multiplicity: 1

-0.322086367711502115677e0 -0.184735025065403207317e-1
-0.546699529399315423811e0 0.362786930252681770774e-2
0.322086367711502115704e0 0.184735025065403207182e-1
-0.546699529399315423811e0 0.362786930252681770774e-2
Multiplicity: 1

-7.162398079619395e-01 9.906898677272091e-01
1.333969394206077e+00 8.511649390173692e-02
-1.000000000000000e+00 -5.551115123125783e-17
-5.494177164641935e-21 -3.306371895943787e-21
Multiplicity: 1

-0.136723436650641995953807809335e0 -0.393690174191507050239816305545e0
0.271246031806651706735394504675e1 0.777095227707742629728621000132e-1
0.999999999999999999999983549865e0 0.158148814794791080958721488743e-22
-0.627510324446563642472494067139e-23 -0.762793311681601974010748521039e-23
Multiplicity: 1

-0.105457923266949591496e1 0.814314946635436308396e0
0.557126074067066123578e-2 0.550539205738846736880e-2
-0.100000000000000000000e1 0.000000000000000000000e0
0.104881972089298949124e-21 -0.179210852287557155914e-21
Multiplicity: 1

0.164924286309360537562978352108e0 0.600173891726641770837096349124e0
0.312369418061192949344183959092e0 -0.437710210319337889993186688823e-1
-0.100000000000000000000000308358e1 -0.333863605573809146714684751548e-23
-0.136097701187281320332425414459e-21 -0.497874439676153325478572963050e-21
Multiplicity: 1

-0.998695301632953318896e0 0.457690982662548707200e-3
-0.299204460441013003552e-1 -0.509232419542501160605e-2
-0.998695301632953318896e0 0.457690982662548707200e-3
0.299204460441013003603e-1 0.509232419542501160435e-2
Multiplicity: 1

0.369475415111016973214e0 -0.141444338522781168027e0
-0.630524584888983026651e0 -0.141444338522781168040e0
0.630524584888983026651e0 0.141444338522781168040e0
0.369475415111016973241e0 -0.141444338522781168013e0
Multiplicity: 1

0.115163572425120706533391345089e0 -0.399857906118461020169689201505e0
-0.271252859053039433673352025171e1 -0.808828861846650564958243765580e-1
0.999999999999999999999448577367e0 0.439312990424755732475203414173e-21
0.614176437769719799104088963627e-22 -0.221771061033458097424409797145e-22
Multiplicity: 1

-0.432520578637576717777388060257e0 0.322772147977128425818271364871e0
-0.236046072745607192882925791307e0 -0.230255655244528570738128164336e0
0.100000000000000000000001253711e1 0.245238869404573531233343023535e-23
0.330302342993290098364730366332e-22 0.364514632406103647333460718242e-22
Multiplicity: 1

0.505437490189343411023e0 -0.277091563516418292905e0
0.462209015898183476297e0 0.329678145257880338636e0
-0.999999999999999999946e0 0.000000000000000000000e0
-0.527969131892701581159e-21 0.928057300616160107058e-21
Multiplicity: 1

0.548216460241374100551e0 0.487260836298735733194e0
-0.451783539758625899449e0 0.487260836298735733140e0
0.451783539758625899449e0 -0.487260836298735733140e0
0.548216460241374100551e0 0.487260836298735733194e0
Multiplicity: 1

0.322086367711502115704e0 0.184735025065403207317e-1
0.546699529399315423811e0 -0.362786930252681770774e-2
-0.322086367711502115704e0 -0.184735025065403207317e-1
0.546699529399315423811e0 -0.362786930252681770774e-2
Multiplicity: 1

0.18873610681686710236984941492432877438622160376194764814568e0 0.55548689621290499366023038281620834844606817533916892805990e-3
-0.56628462477449480365768341105654449178411448378634530158041e-3 0.57514014588691476010929940361490175571983058351830922394940e0
0.99999999999999999999999999955680132063377078034025015143105e0 -0.16455965730283124078188281832138256111414175369980047649083e-26
-0.35641873311376969109486804372964182202089326027216505202178e-26 0.29170913989071320092428682073593800037538408033788304944435e-26
Multiplicity: 1

6.469202810797712e-01 -1.518229565949220e+00
6.500941198270895e-01 -2.558882767146158e-01
-9.999999999999999e-01 0.000000000000000e+00
-1.268339479897442e-21 4.244023395796317e-23
Multiplicity: 1

-0.5129816479243484172370865931301287404153e-1 -0.1495920537801774714858512975079432568136e0
0.2850416564950178297061492896386696210610e3 -0.1189275238369483796668633491578028763664e2
-0.9999999999999999995281530062622935717763e0 -0.9536015820507775568097283364594374791043e-18
-0.3375193029215243048756794436147812805588e-21 0.7003485253110465789283483620631902313941e-21
Multiplicity: 1

0.866025403784438646787e0 -0.542101086242752217004e-19
0.288675134594812882253e0 -0.135525271560688054251e-19
0.866025403784438646787e0 -0.542101086242752217004e-19
-0.288675134594812882253e0 0.135525271560688054251e-19
Multiplicity: 3

0.348698766441586408379864113953e0 0.506906370378789680869804106322e0
-0.316622064601606051192877303464e0 0.426170472276014868108368631893e0
0.100000000000000000000000629428e1 -0.125926434280281873626374127321e-22
-0.855299080720420633980388924089e-23 -0.141980774079911605918883959785e-22
Multiplicity: 1

-0.809642430052353496045e-1 0.590528208779997968055e0
-0.339258353206266448306e0 -0.872111790914710538966e-1
-0.100000000000000000000e1 0.000000000000000000000e0
0.153384856399073838535e-20 0.254117166683331019752e-21
Multiplicity: 1

-0.439204520615902700888e0 0.114874974620857432824e-1
-0.488017445947462014485e0 -0.294072054114444181771e-1
-0.100000000000000000000e1 0.271050543121376108502e-19
-0.187768882614181022089e-21 -0.681610162759060448372e-22
Multiplicity: 1

0.973171167743107695051e0 0.103859626624325115344e-1
0.135285293178380470008e0 -0.249037156340138999893e-1
0.973171167743107695051e0 0.103859626624325115344e-1
-0.135285293178380470008e0 0.249037156340138999961e-1
Multiplicity: 1

0.378393488695333547148978035991e0 0.177629714905219458714986899892e0
0.774166399952541992850229093927e-1 -0.617297653309495723366942287452e0
0.100000000000000000000000071671e1 0.251173312222370158843094375186e-24
0.150902693445092939307912438629e-24 0.815886023338184239086740799887e-24
Multiplicity: 1

0.549667155062920525142654216361e0 0.409580462756191672406767197737e0
0.149038102378080396363402053949e0 -0.255034928740331838431308012231e0
0.100000000000000000000023299793e1 -0.102046718533253515207150155926e-21
0.241141802370326218116683886974e-21 0.271523945731107554512791591001e-21
Multiplicity: 1

0.100000000000000000000000000056e1 0.239498170825099184123000792420e-26
0.283009891946325450084866690768e-25 0.242038209917852802730114642618e-25
0.308064686233493036707306723663e-27 -0.612278468556923680956393270626e-27
-0.261153355505677309472262658106e-1 0.117686938365584073136057831005e1
Multiplicity: 3

-4.110563483321383e-02 -1.196802135253455e+00
-1.187251971024770e+00 5.703690680782241e-01
-1.000000000000000e+00 -5.551115123125783e-17
-3.489851065542185e-21 -1.592955195247080e-21
Multiplicity: 1

0.866025403784438646733456482442e0 0.345500173376754369234879200476e-19
0.288675134594812882237333442633e0 0.192480285211138100440568732561e-19
-0.866025403784438646733457469844e0 -0.345510861874040262185714029502e-19
0.288675134594812882237332387844e0 0.192468867080623750471494842119e-19
Multiplicity: 3

0.1294291061740335587698873619161925984848e0 0.9087023271986295603761669277815275747175e-1
0.2850416499816126317278411786329606805163e3 -0.1189275456716441577737045641197355670905e2
-0.9999999999999999995208397300966985365308e0 -0.9599205497347560615934352797381767922919e-18
-0.3442233034784564310454110506514728316943e-21 0.7044521671628939467037320879479200003461e-21
Multiplicity: 1

0.819455467695536339266e-1 -0.586739593817706417259e0
0.335613213728159311540e0 0.899775958348670139715e-1
-0.999999999999999999892e0 0.135525271560688054251e-19
0.831874320221397388141e-23 -0.176425238340750658764e-22
Multiplicity: 1

-0.411532166312060869727261315395e1 -0.102692493975158834410776619154e0
-0.202486440039475876029555038958e-4 0.469810211314967702669952740894e-5
-0.100000000000000000000000055177e1 -0.956130971564075148631231490265e-24
0.478270980498862945898092128956e-22 -0.885290992805307742674491418290e-21
Multiplicity: 1

-0.114632138334201582206e0 -0.344076023877233914570e0
-0.607358636233885883877e0 0.216468316046624659757e-1
-0.114632138334201582193e0 -0.344076023877233914570e0
0.607358636233885883877e0 -0.216468316046624659757e-1
Multiplicity: 1

-0.459364253455256087458532433227e0 0.334907504420821942993813448457e0
0.201216282131377731646848172660e0 0.224503359415598016235720512563e0
0.100000000000000000000001398053e1 0.588536935860463890736029884032e-23
-0.314521412652154169818581787377e-22 -0.406177216451393228553852827758e-23
Multiplicity: 1

0.136723436650641995914150273784e0 0.393690174191507050231018425002e0
-0.271246031806651706750186851361e1 -0.777095227707742630854775234543e-1
0.100000000000000000000008342198e1 -0.624540926227985375620687773381e-22
-0.310066213154555452299611910683e-23 0.231119828632617356777762284985e-22
Multiplicity: 1

0.1264184944440938133892511690038479387393e0 -0.9501398701630124818292959690520992233058e-1
0.2850416498782571092315670153110122786216e3 -0.1189274345236581010455925644118675350427e2
-0.9999999999999999995664034865899497277885e0 -0.9996411365984465646193527799435581432570e-18
-0.3393663179829286509899143631441502516398e-21 0.7048352876479511955518309236131929383541e-21
Multiplicity: 1

-0.18831479562292046119653137523640873058493265697462776529961e0 0.11729214681536125931099628376912846321531599298819181054799e-1
0.20382967545546035531884013284627211248432815052305454908676e-2 0.57507605293135650468891176040517326620392392227036053409376e0
0.10000000000000000000000000002340885355095724112193330148645e1 0.29930809984519492512323569782799151257319869340415283145084e-26
0.23410120964019308762083316878361574465839413409058339085166e-26 0.79913363121348798328706537757740171906911254863676009522306e-27
Multiplicity: 1

0.936963788882254866770e0 0.247700623511178778026e0
-0.630362111177451332300e-1 0.247700623511178777986e0
0.630362111177451332300e-1 -0.247700623511178777986e0
0.936963788882254866770e0 0.247700623511178778026e0
Multiplicity: 1

0.18831479562292046118542187877553551869553374702089e0 -0.11729214681536125944230743992853191770682743980809e-1
-0.20382967545546035563240348452657846406895916960163e-2 -0.57507605293135650468808456767358146061907057554936e0
0.99999999999999999999999998508460833819077527816247e0 -0.78372211180815286670306866921298827399209020448241e-26
-0.74378196416855731877100983627460839468650509390437e-26 -0.16168906573706073446365974316211047217762522767931e-25
Multiplicity: 1

-0.998720007630583105564555546913e0 0.429200480229418238189748398053e-3
-0.295997518888847822111952383239e-1 -0.482719256678116982181179564136e-2
0.998720007630583105564558662181e0 -0.429200480229418238186586378487e-3
-0.295997518888847822107406083186e-1 -0.482719256678116981930236775392e-2
Multiplicity: 1

-0.518814320034073334152e0 0.260150687899275004920e0
-0.412133220410707768345e0 -0.326849403381265816087e0
-0.999999999999999999946e0 0.271050543121376108502e-19
-0.487685431344870815272e-21 -0.267098488019985910639e-22
Multiplicity: 1

0.513858767186188785878e0 0.270179577551094058871e0
-0.483098075065190468513e0 0.238810179068118714395e0
-0.999999999999999999946e0 -0.271050543121376108502e-19
0.126263491878262552174e-20 0.159921197986848822654e-20
Multiplicity: 1

0.1000000000000000000000000004193330846290e1 -0.1332761187315562981568027065505937879360e-25
-0.2266819916481618009222254683392485199997e-25 -0.2259366142768341948354330072655958391439e-24
0.1398422850247581260136439154971668826143e-26 0.2036099610879461605214707391265409116721e-26
0.2611533555056773092505817449482170443011e-1 -0.1176869383655840731367377055309242534312e1
Multiplicity: 3

0.998720007630583105486e0 -0.429200480229418294574e-3
0.295997518888847822115e-1 0.482719256678116981703e-2
-0.998720007630583105486e0 0.429200480229418294574e-3
0.295997518888847822115e-1 0.482719256678116981703e-2
Multiplicity: 1

0.391309893457570404480448063034e0 -0.332600983488443446211921637668e0
-0.625054817229743799018801396562e0 -0.302268827395853283349482431405e0
-0.100000000000000000000000000151e1 -0.106653994385880796091665702026e-26
-0.756249460134941005199238945150e-26 0.621075233586318511395591677416e-26
Multiplicity: 1

0.529737305388435663147e0 0.232799740007191179484e0
-0.514055241969444979915e0 0.799672207044420189220e-1
-0.529737305388435663147e0 -0.232799740007191179484e0
-0.514055241969444979915e0 0.799672207044420189220e-1
Multiplicity: 1

0.911341000493614518440e0 0.186740618284654053731e-2
-0.237681970554547965238e0 0.238672404001681882473e-2
-0.911341000493614518440e0 -0.186740618284654053731e-2
-0.237681970554547965238e0 0.238672404001681882473e-2
Multiplicity: 1

0.788010791655520391485e0 0.169799121024377329896e0
0.290490434305036642301e0 0.282336401384101579992e0
0.100000000000000000000e1 0.271050543121376108502e-19
0.365317278125556390060e-22 -0.202921689370618128787e-21
Multiplicity: 1

0.117232469710622670411e0 0.262578615788574049912e0
0.735193027298151148118e0 -0.351712563919377469449e-1
-0.100000000000000000000e1 0.000000000000000000000e0
0.119111643305069803709e-21 0.419556661343529093633e-21
Multiplicity: 1

-0.160534867262103972072046134260e0 -0.601713787679021960418115415532e0
-0.317488868637824963125772855163e0 0.391125277800948773716003352829e-1
-0.100000000000000000000000000050e1 -0.776239130737475616525140908238e-27
-0.403408103703571811959086771523e-25 -0.164137318134178911093457285979e-25
Multiplicity: 1

-0.570535729149349722991e0 0.793975136853060315864e-1
0.137711730325622826551e0 0.398403660299263592543e0
-0.100000000000000000011e1 0.271050543121376108502e-19
0.452632608030982662351e-21 0.375837916636659850255e-21
Multiplicity: 1

-0.388215992891835750026e0 -0.794799113400646118602e0
0.717102311927239919308e0 -0.143426175887014241585e0
-0.388215992891835750026e0 -0.794799113400646118602e0
-0.717102311927239919308e0 0.143426175887014241585e0
Multiplicity: 1

0.834948838321169940183e0 -0.180308253979120358234e0
-0.421852193114361246587e0 -0.249826751955069685575e0
0.100000000000000000000e1 -0.271050543121376108502e-19
-0.464941901563108434444e-21 0.295427563475989064704e-21
Multiplicity: 1

0.467767083074096912435e0 -0.735687930004600677011e0
-0.510568539603068977085e0 0.383811723172237750332e-1
0.100000000000000000000e1 0.000000000000000000000e0
0.129593582615159915044e-22 -0.264413883586783443809e-21
Multiplicity: 1

1.438361476663849e+00 -2.371475613556273e-01
-2.405006820323250e-01 3.523566038562212e-01
-1.000000000000000e+00 0.000000000000000e+00
3.311667775641658e-21 -4.465458903804747e-21
Multiplicity: 1

0.788182934365924485671e0 0.792020614803244168848e-1
-0.362817059731514019632e0 0.573527912125445229682e-1
-0.788182934365924485671e0 -0.792020614803244168848e-1
-0.362817059731514019632e0 0.573527912125445229682e-1
Multiplicity: 1

0.410958501722991695063687171276e1 0.104460482231251633201211028019e0
0.203842411096140394647231011211e-4 -0.478050978634993854914482919783e-5
0.999999999999999999999999989701e0 -0.285504538817588592614612802347e-25
-0.378399979840268318925281320972e-21 0.957263263616806459245663026342e-22
Multiplicity: 1

-0.410958501722991695075731673605e1 -0.104460482231251633156596161893e0
-0.203842411096140394668645316523e-4 0.478050978634993855067762114403e-5
0.999999999999999999999999984261e0 -0.271052607033939656339469935031e-25
0.238277432025110075135189345829e-21 -0.365721542575053491963092774791e-21
Multiplicity: 1

-0.687128309271591793063640645264e0 -0.701063383794424779995199212928e0
-0.715202802509657575031366094928e-1 0.414185583719449720902892680806e0
0.999999999999999999999982135708e0 0.338862270031396401280384494305e-22
0.606590123804630953883295984856e-22 0.314384040762589125537630010709e-23
Multiplicity: 1

0.663648283640367449506830628324e0 -0.256839736759312031870345178432e0
-0.604419858501478851271879626176e-1 0.270563727071529216922880592098e0
0.999999999999999999999968307229e0 -0.852798902004516242092626793697e-22
-0.173604005468975541895241012979e-21 -0.397800978685923489388684877630e-22
Multiplicity: 1

0.694304846954723720303e0 0.180172854831484229927e0
-0.438748366728675473199e0 0.950392038545780794127e-1
0.694304846954723720303e0 0.180172854831484229927e0
0.438748366728675473199e0 -0.950392038545780794127e-1
Multiplicity: 1

-0.346665838464565740414e1 0.304234400737021100933e0
0.183378686911611595077e0 0.191711980269730883136e1
-0.346665838464565740414e1 0.304234400737021100933e0
-0.183378686911611595077e0 -0.191711980269730883136e1
Multiplicity: 1

0.622470994344439023590794584966e0 0.373721739155517396478176496021e0
-0.139037559167481320007313180722e0 0.187612139841589727314956769672e0
0.100000000000000000000010756319e1 -0.260227314956194140289488072389e-21
-0.307391246012217161798238919977e-22 -0.313029700489386381452468384857e-23
Multiplicity: 1

-0.560366797253678546465e0 -0.284183542441485829179e0
0.515916040469145616891e0 -0.102889494296610598496e0
-0.560366797253678546465e0 -0.284183542441485829179e0
-0.515916040469145616891e0 0.102889494296610598496e0
Multiplicity: 1

0.341336751759062416190958123052e1 -0.311868527141729517828285368447e0
-0.188240445573980107750137948684e0 -0.188503927704180742059453756681e1
0.341336751759062416190958126647e1 -0.311868527141729517828285355118e0
0.188240445573980107750138099577e0 0.188503927704180742059453762260e1
Multiplicity: 1

1.455979353279558e+00 1.886216745255191e-01
2.751506597873878e-01 3.331149249817014e-01
-9.999999999999999e-01 5.551115123125783e-17
-1.376181612817720e-20 1.078640574221920e-21
Multiplicity: 1

-0.108686347580821231529101784026e0 -0.116487189183484350988006800190e1
0.529823690315538853669774770604e-2 -0.411551308063894773574706274196e-2
-0.100000000000000000000000000000e1 -0.220881053461883305515283998279e-28
0.933920374620019902227611143236e-27 0.151196116397995506233255054807e-27
Multiplicity: 1

-7.175007616463547e-01 9.842259579676349e-01
-1.350182660189722e+00 -8.942932565056660e-02
-9.999999999999999e-01 0.000000000000000e+00
-5.149745014850929e-21 -1.602625664234069e-21
Multiplicity: 1

0.403075165968930003278e0 0.576451068982499181359e0
-0.269740868313435405354e0 0.154815335453687068958e0
-0.100000000000000000000e1 0.000000000000000000000e0
-0.119917590394324446231e-20 0.481289703090203601067e-21
Multiplicity: 1

-0.3760674135892993751562578436028293771709e0 0.1949365816969807908113055770744524158294e0
-0.7982046322721964623089391305403761893757e-1 -0.6176001939403739448369655159233756879519e0
0.9999999999999999999999995986146266391460e0 -0.2364761499192644553541689411545481074366e-24
-0.8616340010050865988199945163019138089012e-24 -0.1620903733696521031452463512139139939010e-24
Multiplicity: 1

0.309058492698204820840e0 -0.175466966941923872760e-1
0.690941507301795179025e0 0.175466966941923873031e-1
0.690941507301795179025e0 0.175466966941923873031e-1
-0.309058492698204820840e0 0.175466966941923872760e-1
Multiplicity: 1

0.112647436939100205593e1 -0.153958154826077210544e0
-0.126474369391002056028e0 0.153958154826077210544e0
-0.126474369391002056028e0 0.153958154826077210544e0
-0.112647436939100205593e1 0.153958154826077210598e0
Multiplicity: 1

-0.622470994344439023554917565724e0 -0.373721739155517396456870022522e0
0.139037559167481320013821189880e0 -0.187612139841589727313338498956e0
0.999999999999999999999959164041e0 -0.113099429743643386308490554973e-21
-0.733179898311756193153807021843e-22 0.433537158451838243775312324505e-21
Multiplicity: 1

0.602125400480990555295e0 0.440271621695701783987e0
0.397874599519009444786e0 -0.440271621695701783987e0
0.397874599519009444786e0 -0.440271621695701783987e0
-0.602125400480990555295e0 -0.440271621695701783987e0
Multiplicity: 1

0.308167817197532360231663668906e0 -0.528669244206573666682153188566e0
-0.316101617635730757984250581714e0 -0.186428398298420672267524036644e0
-0.100000000000000000000000000008e1 -0.694197596594490388762321137449e-28
0.471288554575869983858750182110e-26 0.713754166789627149867978826725e-26
Multiplicity: 1

0.120644457461424408078e1 -0.386574845945466129542e0
0.100154833708286178482e1 0.739359674724272393010e0
-0.100000000000000000000e1 0.271050543121376108502e-19
-0.136148465926082298681e-20 0.116117993007651616594e-20
Multiplicity: 1

0.713907092915256267105629695815e0 0.392853936026745784024769001029e0
-0.989970772993139791364332000390e-1 -0.204332378891936255988560652656e0
0.100000000000000000000011510137e1 -0.108042477931491161622512550415e-21
0.778823545441221656719671630561e-22 -0.409947594053883542791606069888e-22
Multiplicity: 1

-4.167327636589168e-01 3.451584583748309e-01
6.200055502431177e-01 3.419588947265443e-01
-1.000000000000000e+00 0.000000000000000e+00
-2.076278158181028e-21 -9.199424352304104e-21
Multiplicity: 1

8.123856442604447e-01 1.462040566764901e+00
6.419677582869662e-01 2.261305692457100e-01
-1.000000000000000e+00 0.000000000000000e+00
1.379782316975682e-20 -7.881338216463935e-21
Multiplicity: 1

-0.312426743401126986478e0 0.526947388788655714156e0
0.316416526694676041552e0 0.190807830903045555970e0
-0.100000000000000000000e1 0.000000000000000000000e0
-0.339596449421702611320e-21 0.169191853805538824800e-21
Multiplicity: 1

-0.910111214563365256971e0 -0.294649529508577945330e0
0.354201901598625503483e0 -0.217751691100516135712e0
0.999999999999999999892e0 0.000000000000000000000e0
-0.266234335398840202240e-21 -0.138979430769985269193e-20
Multiplicity: 1

-0.142674070072366367102350158877e0 -0.640766484306542462271872283939e0
-0.479007966850609402395029228009e0 0.273975063337486834534560304093e0
0.999999999999999999999930186693e0 0.146218606267869565165513299309e-21
0.113343446169754843008310590811e-21 0.140486975498464000251345825258e-20
Multiplicity: 1

0.341343782619573897193e1 -0.310221594111184955701e0
0.187246847969404852459e0 0.188507334093172082730e1
0.341343782619573897193e1 -0.310221594111184955701e0
-0.187246847969404852459e0 -0.188507334093172082730e1
Multiplicity: 1

0.355115249016199593297084143726e0 -0.510620538575697823703989285042e0
-0.317980077634451232075715477944e0 -0.437744455893293868533840686765e0
0.999999999999999999999990032395e0 -0.149098497619116292079482675136e-23
0.831229186804528847557455708406e-23 -0.735611525037519356730951588102e-23
Multiplicity: 1

-0.1887361068168671023762389914219698170956e0 -0.5554868962129049952953651292107211921098e-3
0.5662846247744948002612194497238935771273e-3 -0.5751401458869147601197514668355587050119e0
0.1000000000000000000000000000805141139622e1 0.6123753048153545156684132937717311722865e-27
-0.5236549785360923760521731511658150799553e-26 0.4002499358459187303420288868974228764723e-26
Multiplicity: 1

-0.549667155062920525135445389122e0 -0.409580462756191672364515527178e0
-0.149038102378080396369943938925e0 0.255034928740331838468940081010e0
0.999999999999999999999997232701e0 -0.344070834598644862667268189799e-23
-0.333104896570526503261781459609e-22 0.894251210708857833123150224115e-22
Multiplicity: 1

-0.620996279295816771074e0 0.235829227540162737327e0
-0.483250173827010057106e0 -0.101016740936943262769e0
0.620996279295816771074e0 -0.235829227540162737327e0
-0.483250173827010057106e0 -0.101016740936943262749e0
Multiplicity: 1

-0.446738543924704052852e0 0.331921418820453230364e0
0.558012669764257318128e0 0.885774937714321216437e-1
0.446738543924704052852e0 -0.331921418820453230364e0
0.558012669764257318128e0 0.885774937714321216437e-1
Multiplicity: 1

1.327833994916653e-01 3.107675270447818e-01
6.001446808310738e-01 -2.291934484613561e-02
-1.327833994916653e-01 -3.107675270447818e-01
6.001446808310738e-01 -2.291934484613561e-02
Multiplicity: 1

-0.161239140138064457505e-1 -0.147282900624491355020e0
0.447793070809496630347e-1 -0.102194282082805239383e1
-0.100000000000000000011e1 0.000000000000000000000e0
-0.666156622574364784999e-21 0.753937920529732813816e-22
Multiplicity: 1

-0.603663167110562172521358675932e0 -0.162452404173401007008192015547e0
0.867549907483776950415738310729e-1 -0.386795962418682800525432931720e0
-0.100000000000000000000000000003e1 -0.441762106923766611030567996558e-28
0.495033866744106829469756350988e-26 -0.167164895156491904907755751111e-26
Multiplicity: 1

3.357569405558817e-01 1.630881700063197e+00
4.145527753372432e-01 -5.297004954255078e-01
-1.000000000000000e+00 0.000000000000000e+00
-1.095943816069997e-20 3.998501918166577e-21
Multiplicity: 1

-0.4642688908284993349734389621891245724998e-1 0.1511748282512749872343744860405501516784e0
0.2850416564311381132935001797755058846914e3 -0.1189274551433025625370365817319216420656e2
-0.9999999999999999995218750696900278875139e0 -0.9595623143692640223910702620740373434750e-18
-0.3453367339464477351557704013877117284021e-21 0.6997138744513960722133908150024507747269e-21
Multiplicity: 1

1.243113416611551e+00 2.998146997818620e-01
8.556739252127423e-01 -7.675425222638148e-01
-1.000000000000000e+00 -5.551115123125783e-17
3.348861708885245e-22 -3.941037592368520e-21
Multiplicity: 1

-0.733134046030959843838417651299e0 0.541363553373994198863937697240e0
-0.511389661570789592833675068875e0 -0.105377336681369581492261859734e0
0.999999999999999999999303931667e0 -0.171352058651565677647078130913e-22
0.589869905568673845631312923760e-21 0.936673286547640988736841718380e-22
Multiplicity: 1

0.706615682212541784629242633535e0 -0.100008422988453219800789230193e1
-0.683144731538000737663151304455e0 -0.100668958419368187946798732756e1
-0.999999999999999999999999996579e0 0.375497790885201619375982797075e-26
0.208010860903657537816020289650e-26 -0.165120057991349544602076758412e-26
Multiplicity: 1

0.615494478782773749980e0 -0.104688929808908178708e-1
0.337022385283238161581e0 0.183215721619047714353e-1
-0.100000000000000000000e1 -0.271050543121376108502e-19
0.584630857115620172938e-22 -0.672259041926830232230e-20
Multiplicity: 1

0.605572899670707969736e0 0.304791686512187450718e0
0.391274920662597266644e0 -0.335433873914697697677e0
-0.100000000000000000000e1 0.000000000000000000000e0
-0.108001656545277796296e-21 0.101536207035161742564e-22
Multiplicity: 1

-0.109328812027178917477e0 -0.292024756090942495422e0
-0.752823611988797316609e0 0.373404109232844666076e-1
-0.100000000000000000000e1 0.000000000000000000000e0
0.531532881314506192618e-22 0.326923428608506615602e-22
Multiplicity: 1

8.185823440776109e-01 1.468187115989834e+00
-6.492095391292345e-01 -2.248950700828446e-01
-1.000000000000000e+00 3.469446951953614e-18
-8.620214576172631e-21 -3.948030146328683e-21
Multiplicity: 1

-0.346673763344385129932e1 0.302706175191864184227e0
-0.182457854169084598853e0 -0.191716034769139293567e1
-0.346673763344385129932e1 0.302706175191864184227e0
0.182457854169084598853e0 0.191716034769139293567e1
Multiplicity: 1

-4.686613441792298e-01 3.540253070920721e-01
5.583096341416891e-01 9.905971295558191e-02
-4.686613441792298e-01 3.540253070920721e-01
-5.583096341416891e-01 -9.905971295558191e-02
Multiplicity: 1

0.424788793376673755604450339401e0 -0.123789742540053834420751313422e-1
-0.270535780214485398470830864049e1 -0.798268328221051475818859881979e-1
0.100000000000000000000000937384e1 -0.831506725757259703612286611522e-23
-0.708436993146791235388583186891e-23 -0.129426664261082421592043844873e-22
Multiplicity: 1

0.155231364891536328702566304206e0 -0.334881538684912299138726683286e0
0.602917044965334112187336155834e0 0.287403376418755850284115757151e-1
-0.155231364891536328702566304199e0 0.334881538684912299138726683293e0
0.602917044965334112187336155847e0 0.287403376418755850284115757277e-1
Multiplicity: 1

0.497120151542092616320e0 -0.114781745913835905209e1
0.373145103418403927211e-2 0.469538740511385267042e-2
-0.100000000000000000000e1 0.000000000000000000000e0
0.138710809217668171396e-22 -0.291799658888398607257e-23
Multiplicity: 1


