5
3
2
2
52
1.093356243464810e-02 4.710016981373222e-02
-1.029495542758326e+00 -4.668387403554568e-01
8.147017882254545e-01 -8.808269940795425e-01
1.093356243464811e-02 4.710016981373227e-02
1.350580842921821e-17 -7.107075517359579e-18
52
1.093356243487467e-02 4.710016981395442e-02
-1.029495542758077e+00 -4.668387403555176e-01
8.147017882253041e-01 -8.808269940794068e-01
1.093356243453626e-02 4.710016981380349e-02
9.113558623671302e-16 2.995237508375412e-16
4.684239327714446e+03
0
2.134818334501974e-04
0.000000000000000e+00
10
1
0
0
52
-4.782774631115008e-02 -3.072812161256430e-02
-1.107917771961722e+00 -4.598447289311529e-01
8.666342132852971e-01 -9.148836823435331e-01
4.782774631115008e-02 3.072812161256430e-02
-6.381368230577185e-18 -1.408579448096048e-17
52
-4.782774631135435e-02 -3.072812161281792e-02
-1.107917771961983e+00 -4.598447289311206e-01
8.666342132854663e-01 -9.148836823436534e-01
4.782774631127257e-02 3.072812161250502e-02
-9.114730561760138e-16 -3.675028051096085e-16
7.799089643886776e+03
0
1.282200930699442e-04
0.000000000000000e+00
10
1
1
0
3
7
52
5.672417687755995e-01 9.315332175644891e-01
5.989215483502793e-01 -2.646036737061530e+00
1.500846635879715e+00 4.693290926687504e-01
-5.989215483502790e-01 2.646036737061530e+00
1.500846635879715e+00 4.693290926687502e-01
52
5.672417687753556e-01 9.315332175641983e-01
5.989215483502964e-01 -2.646036737062083e+00
1.500846635880154e+00 4.693290926690106e-01
-5.989215483502967e-01 2.646036737062084e+00
1.500846635880153e+00 4.693290926690108e-01
5.981840453582202e+03
0
1.671726298552737e-04
0.000000000000000e+00
10
1
3
0
52
6.734081550775538e-01 -1.850261902998150e-01
-5.647586112904471e-01 -3.358853899170973e-01
3.822822841908040e-01 -2.740490686338719e-01
-5.647586112904470e-01 -3.358853899170974e-01
-3.822822841908040e-01 2.740490686338720e-01
52
6.734081550775310e-01 -1.850261902997801e-01
-5.647586112904357e-01 -3.358853899170972e-01
3.822822841907881e-01 -2.740490686338768e-01
-5.647586112904436e-01 -3.358853899170925e-01
-3.822822841907811e-01 2.740490686338804e-01
1.613397344857607e+03
0
6.198101188075628e-04
0.000000000000000e+00
10
1
4
0
64
-8.74266808325396852994e-1 1.22384753165745272603
2.41161971649376339282e-1 -2.32279305229134386416e-2
1.11542877997477319241 -1.24707546218036616475
-1.11542877997477319252 1.24707546218036616496
2.41161971649376339391e-1 -2.32279305229134386112e-2
52
-8.742668083253773e-01 1.223847531657470e+00
2.411619716493872e-01 -2.322793052293116e-02
1.115428779974752e+00 -1.247075462180380e+00
-1.115428779974745e+00 1.247075462180379e+00
2.411619716493665e-01 -2.322793052290935e-02
1.701232234482118e+02
0
1.652914773461242e-04
0.000000000000000e+00
10
1
0
0
52
1.871720516523762e+00 3.140394153044869e+00
-1.256179000313198e-01 1.034877369442395e+00
-1.142418453973078e+00 -1.752988515218264e+00
1.256179000313197e-01 -1.034877369442396e+00
-1.142418453973078e+00 -1.752988515218265e+00
52
1.871720516523790e+00 3.140394153044897e+00
-1.256179000313075e-01 1.034877369442396e+00
-1.142418453973102e+00 -1.752988515218273e+00
1.256179000313333e-01 -1.034877369442397e+00
-1.142418453973093e+00 -1.752988515218274e+00
2.273149740941795e+01
0
4.009123163705244e-02
0.000000000000000e+00
10
1
3
0
128
-4.919745364068111098882537385312829769646e-1 -1.359431434319308741674818692617885539941
-4.919745364068111098882537385312829769646e-1 -1.359431434319308741674819803087443180439
-3.017238608191159932330022245067650296517e-24 5.715973717558174646783203843264269316473e-25
2.357219651189686414933697883682476030271e-27 -2.411607469015641532999607620904238861838e-27
1.738944326329999578165585658040548366898e-1 2.327156276525088659854531988374133662243
128
-4.919745364070731442603188338091868558877e-1 -1.359431434325279766028066239654208406993
-4.919745364129460424567220205860351711635e-1 -1.359431434328595872950796264532083861072
9.360090429193227341501049178537759157702e-12 1.124728276696042856884162385998723129971e-11
-1.211022602820471207550648528197954722056e-12 2.051716358967712783019652367668039284560e-12
1.738944326451003365261067934444128013638e-1 2.327156276524496516964665536415405883024
4.942419984125068e+25
1
8.707735347004688e-03
5.558569107140373e-14
15
3
1
2
52
-3.406612978495485e-01 -2.051043675278474e+00
-9.042661186301546e-01 -2.646665380473108e+00
5.636048207806060e-01 5.956217051946336e-01
5.636048207806064e-01 5.956217051946344e-01
9.042661186301543e-01 2.646665380473109e+00
52
-3.406612978495427e-01 -2.051043675278473e+00
-9.042661186301477e-01 -2.646665380473109e+00
5.636048207806051e-01 5.956217051946373e-01
5.636048207806017e-01 5.956217051946378e-01
9.042661186301516e-01 2.646665380473110e+00
5.730487841682286e+02
0
1.745052127545274e-03
0.000000000000000e+00
10
1
2
0
64
3.48785829063265872082e-1 7.09600440888452914053e-1
-3.61405848174284103941e-1 -3.53133156940631751824e-1
-1.06557267237527013968e-1 -3.74991442267172776028e-1
-3.61405848174284103995e-1 -3.53133156940631751742e-1
1.06557267237527013954e-1 3.74991442267172776055e-1
64
3.48785829063402455182e-1 7.09600440888403115184e-1
-3.61405848174388227465e-1 -3.53133156940725015274e-1
-1.06557267237466381777e-1 -3.74991442267037087069e-1
-3.61405848174253226893e-1 -3.53133156940684449796e-1
1.06557267237604907585e-1 3.74991442267089020515e-1
6.665721057267931e+02
0
1.500212792297475e-03
0.000000000000000e+00
10
1
4
0
4
2
96
6.19065821481392361319475575732e-1 7.63684534868126110862362735410e-1
-6.19065821481392361319475575732e-1 -7.63684534868126110862363716766e-1
-1.17257897389308915903224159379e-25 5.21703740567977578421442961561e-25
8.44485432304335848540980409217e-25 -1.39401407951104452513261310662e-24
3.57417818678378688030143270349e-1 4.40913471782066753403076858100e-1
96
6.19065821481045681223820409400e-1 7.63684534870179223951528735906e-1
-6.19065821479046066611474224972e-1 -7.63684534868267404375728540917e-1
3.07391582116354608035100280284e-13 1.55257702906353413658746487516e-13
-1.22498874574993394480489769296e-12 3.91169648349548125169944830573e-12
3.57417818678140814967966742977e-1 4.40913471782891112132184819784e-1
2.780483654764502e+25
1
8.727696554698683e-03
2.479667226783776e-14
15
3
0
2
128
1.468351572207242292837994779297616787517 4.154308230925540254856885664550039782614e-1
-1.468351572207242292837994779297616787517 -4.154308230925540254856867415874598246972e-1
3.275855482082158570514714337885718788533e-25 3.714927509551346332316036312638383313288e-25
-1.107244279422123081916106846350833571018e-24 1.960040729765076243732584358127354436395e-24
-8.477531754788615510364836735934801481562e-1 -2.398490975421538659707871601183445767099e-1
96
1.46835157220398769377378567214 4.15430823091018344012198780649e-1
-1.46835157220631659007268471351 -4.15430823093823261905610901039e-1
-5.46165658459706871535964472269e-13 -2.12728632956174012304529587748e-13
-2.31692456718160144263658691551e-12 -1.99323532535101055959186489705e-12
-8.47753175476848786027567195234e-1 -2.39849097541005961186700129782e-1
6.015414062077345e+25
1
9.913550834487586e-02
2.268723351092189e-13
15
3
1
2
-1

2
2 3
4262265122089239574518253590743779013886113991122978532442947683997973112367046460708502658493038373886807999513319261329074449410647710895726213351575312813830894946841957179719587310919590406315041099048963154735157455541619572737568195571343351981148200793921408409007229543396405624094433825558932903911267/10000000000000000000000000000000000000000000000000000000000000000000000000000000000000000000000000000000000000000000000000000000000000000000000000000000000000000000000000000000000000000000000000000000000000000000000000000000000000000000000000000000000000000000000000000000000000000000000000000000000000000000000 5028305874816917456845461874131370857246737884328145338784274784432880823108709325344760300655805163962365934336699136521732864906792546428808785093592537671422369076591492526966773088841531253157342477622574376091213487645967100075952895264961789332890549549157107587800876142683714869309398439853475278661759/10000000000000000000000000000000000000000000000000000000000000000000000000000000000000000000000000000000000000000000000000000000000000000000000000000000000000000000000000000000000000000000000000000000000000000000000000000000000000000000000000000000000000000000000000000000000000000000000000000000000000000000000
-924859688756401208824469720122157267727598978690545440929751580151014602879493888769958021778769298692851368267724905646720181596163829216445224284496005175965416612081846543970305289489096050395186755733580510965627850879965945342395108064996902462694989124906593200815209383197411315538080838082636797356709/2000000000000000000000000000000000000000000000000000000000000000000000000000000000000000000000000000000000000000000000000000000000000000000000000000000000000000000000000000000000000000000000000000000000000000000000000000000000000000000000000000000000000000000000000000000000000000000000000000000000000000000000 -2263156318938864265117522280479649759920427450684459479161242360424585907314398210157895573759267085540504288758091363337732103977035825904990954234413079614110529750098766717007878318363455151012604243677612290269861909868862813570972930153581740649078767908454711339687449585158211820636211199306944769349067/10000000000000000000000000000000000000000000000000000000000000000000000000000000000000000000000000000000000000000000000000000000000000000000000000000000000000000000000000000000000000000000000000000000000000000000000000000000000000000000000000000000000000000000000000000000000000000000000000000000000000000000000
4258378508900772052740497044881716171506435635622072092267109736501241945899268402941253380523527494032989742485191159249076303492858889175798674435811347731291023495092047292259174976806933623729927543513799711650062580763276620884431575020718438441265095570444971404831555811858464266906710066334392070170151/10000000000000000000000000000000000000000000000000000000000000000000000000000000000000000000000000000000000000000000000000000000000000000000000000000000000000000000000000000000000000000000000000000000000000000000000000000000000000000000000000000000000000000000000000000000000000000000000000000000000000000000000 345100505825733586438072875917374710303627116396005995184323608782157322958365940151648626959726986387736076704227363558024020904363905508316982347386970711928237715615053263161095666201767397658454004721420894307311305800904735172681964664360867967353001598741935699580374181447225879248959406948586073773457/1000000000000000000000000000000000000000000000000000000000000000000000000000000000000000000000000000000000000000000000000000000000000000000000000000000000000000000000000000000000000000000000000000000000000000000000000000000000000000000000000000000000000000000000000000000000000000000000000000000000000000000000
-9339778154054305698227905065568488850952666213788076412972972011213091500927672414157859572125281680180949892285544114707162525022997830753120817844991855488398238019937914025326775453529891074391047065424465600210923910100496786939762916672847322902091146331855252184785260345257313583870351795140121588001/40000000000000000000000000000000000000000000000000000000000000000000000000000000000000000000000000000000000000000000000000000000000000000000000000000000000000000000000000000000000000000000000000000000000000000000000000000000000000000000000000000000000000000000000000000000000000000000000000000000000000000000 80498403994083966664961137728923481767667718718087829127709455133208865862419211807405372265532046276646148237685365378946499203124270661699205638884821929175663599751044012147335288693808609362433870622118140977519089594108253443985202000856135678140652005026474045825587520462484459505205041393468216295163/312500000000000000000000000000000000000000000000000000000000000000000000000000000000000000000000000000000000000000000000000000000000000000000000000000000000000000000000000000000000000000000000000000000000000000000000000000000000000000000000000000000000000000000000000000000000000000000000000000000000000000000
212849653556327438503391510017649729930087879791785064433165810647635415600862424058656522646720679932552876470062641946864904803973262334102177747766191612932222021826218344436379256670236979967428471759043244314998350323744725849864656798152750153197980861169572267475489804880409994092515089100204398837901/2000000000000000000000000000000000000000000000000000000000000000000000000000000000000000000000000000000000000000000000000000000000000000000000000000000000000000000000000000000000000000000000000000000000000000000000000000000000000000000000000000000000000000000000000000000000000000000000000000000000000000000000 1025721643888798627787753026759745535141317313991407159584496066505512757508460987841438902170648105433130422338130208616896245974955536608821921349795659213594969345275781656071545478400951285978966844097210830354209376340454692011534552814605570457332109443635733618185090386268234964316052704844066837002039/1250000000000000000000000000000000000000000000000000000000000000000000000000000000000000000000000000000000000000000000000000000000000000000000000000000000000000000000000000000000000000000000000000000000000000000000000000000000000000000000000000000000000000000000000000000000000000000000000000000000000000000000
716132044596923324786197234456315356153466843879122430215459646540286950985539730611156860204214130498953706179441571784343155890413906250912517551125853625698396033170873536301911105598407857504904141682064460313657408925041462748666019453331233830130314555930043268488741725542243444926275559509202735860193/5000000000000000000000000000000000000000000000000000000000000000000000000000000000000000000000000000000000000000000000000000000000000000000000000000000000000000000000000000000000000000000000000000000000000000000000000000000000000000000000000000000000000000000000000000000000000000000000000000000000000000000000 834117577304829998439651976354912853007546558599319391384953398483342842156148519084897903545675836974227940999920104163653702255160777475937351686360782658525403825723884564493868298496695210569847636488444422280849713217243015724773076692630865051679819715204936199058728907793058834792265212433231584510173/2000000000000000000000000000000000000000000000000000000000000000000000000000000000000000000000000000000000000000000000000000000000000000000000000000000000000000000000000000000000000000000000000000000000000000000000000000000000000000000000000000000000000000000000000000000000000000000000000000000000000000000000

4
6
8
2
4
6
5
1 0
0 0
0 0
0 0
0 0

0 0
2 5
-4773956806459033971091222670952862276063363371867123727952480770945916881144795553330145941005855371700887234389893435881614970318827434872856615903719247578249778098538046955670515968272878419345249987839046703157073525372359010803592019028856220582216749105941073964690601730781407191091612897203772467091483/10000000000000000000000000000000000000000000000000000000000000000000000000000000000000000000000000000000000000000000000000000000000000000000000000000000000000000000000000000000000000000000000000000000000000000000000000000000000000000000000000000000000000000000000000000000000000000000000000000000000000000000000 4094453401630095205804413533110182465664977554662975218142168647521512342907459394926253359117930040107304570071336761514441902674309627451765834386905518607041637446239550275498853884996382608397421496982381475009558512920102627824262514535590936051423305645654972020388537661859086743025253799653040708880043/5000000000000000000000000000000000000000000000000000000000000000000000000000000000000000000000000000000000000000000000000000000000000000000000000000000000000000000000000000000000000000000000000000000000000000000000000000000000000000000000000000000000000000000000000000000000000000000000000000000000000000000000
4032897363375453555867981777048849540734483180008658144617272995870263570135933150229635920892080897757348034116942215027978682014774258274420294711725188693320698035241812739230912759673328786496126530106985097480159487147617976933150424147470956148160909893521789888061068315059477379785314758013933846392731/5000000000000000000000000000000000000000000000000000000000000000000000000000000000000000000000000000000000000000000000000000000000000000000000000000000000000000000000000000000000000000000000000000000000000000000000000000000000000000000000000000000000000000000000000000000000000000000000000000000000000000000000 1181213597843419039470919763486618111307380429386393005004767100514310409638283952572783836476549135095166378045183403509315411685001444929720243250392130320505652811120401104791865469520398850002091589828031567394440928609035556832931188583718919090129610027185086906764685685521312018419468481007136548556681/2000000000000000000000000000000000000000000000000000000000000000000000000000000000000000000000000000000000000000000000000000000000000000000000000000000000000000000000000000000000000000000000000000000000000000000000000000000000000000000000000000000000000000000000000000000000000000000000000000000000000000000000
-310571944968357466872083840140482171443501819018547180163739030763222920630432573643102894151660415699036720275064236235233245256935575673697841162992210838555495194975470458623734481091724123994330258505280876206319022907137882631841602590638022318825632289939217359136736206353501508746124288562166655594711/1000000000000000000000000000000000000000000000000000000000000000000000000000000000000000000000000000000000000000000000000000000000000000000000000000000000000000000000000000000000000000000000000000000000000000000000000000000000000000000000000000000000000000000000000000000000000000000000000000000000000000000000 4727760510358020257794844709867579877186453673927725633904514196199484341331431397654883500203160425768799919672588425534576090705858945989218333500614546538358661555263972752732047927611480466301693199245044473266222997514326665052455760932087597627344594523004582571107516608295411913355660149175878980247791/5000000000000000000000000000000000000000000000000000000000000000000000000000000000000000000000000000000000000000000000000000000000000000000000000000000000000000000000000000000000000000000000000000000000000000000000000000000000000000000000000000000000000000000000000000000000000000000000000000000000000000000000
-8357367446755545076369870822837224155852769747315576792540557262385515882005353050166500836142042766432166687377053314561645780429596073748730844128760848047331468645189145703878036480409187150049523808556941417533514856340299668388688115395016739182207639779274445168388610721401081871555091518985219528307681/10000000000000000000000000000000000000000000000000000000000000000000000000000000000000000000000000000000000000000000000000000000000000000000000000000000000000000000000000000000000000000000000000000000000000000000000000000000000000000000000000000000000000000000000000000000000000000000000000000000000000000000000 -5888438755014250464882518790165599478871157370879897446505238739095193845532070245801039267291014512334845300948623489080613746661839588719769740783423175507780563014731304267262401005553942861061304399557589400293776309552292027444478777932880917804770562947073547331109312476672919337081242116002658162224693/10000000000000000000000000000000000000000000000000000000000000000000000000000000000000000000000000000000000000000000000000000000000000000000000000000000000000000000000000000000000000000000000000000000000000000000000000000000000000000000000000000000000000000000000000000000000000000000000000000000000000000000000
-296291781331475209404990355270849850569283011346519019679937038287761017433360815181151137612690515427752906907865398797351644901371097991429187191562483831701222576093714403940652611918859586184493992862717656500578865440939059078801698312726385748487892868295251631351365862175254934502026648747680557220479/312500000000000000000000000000000000000000000000000000000000000000000000000000000000000000000000000000000000000000000000000000000000000000000000000000000000000000000000000000000000000000000000000000000000000000000000000000000000000000000000000000000000000000000000000000000000000000000000000000000000000000000 985603760500939595618777288243159153755351875731315089663442742339453302514106449905047128107959609263854711978666901374173075504890368172443325809233178102913260828952697373873316001553118093775388907556307518783813497958567258390488197159817262833515091300546130695023014689947848875830460560044826855527681/2500000000000000000000000000000000000000000000000000000000000000000000000000000000000000000000000000000000000000000000000000000000000000000000000000000000000000000000000000000000000000000000000000000000000000000000000000000000000000000000000000000000000000000000000000000000000000000000000000000000000000000000
196845716572090059696823313094922283349558097630704789088777074938096136219015731513307914750886146172214979986034346014415759589037099004389937449199448580426052149437236307452842721698283639622490687119605031814736952349271123889238603955197777616034435735284715462055695846061879502094102967054764423281657/312500000000000000000000000000000000000000000000000000000000000000000000000000000000000000000000000000000000000000000000000000000000000000000000000000000000000000000000000000000000000000000000000000000000000000000000000000000000000000000000000000000000000000000000000000000000000000000000000000000000000000000 511747111768723152356635088470055330990219226300713709092574852519203612953596029433779825947520120796902896501738080972058868170002873001174986339004793872744562032641245324366720939834434174478180255653627075173440825818260125968846573563338341184450843005871123424083468057925507268252571733993195604646323/5000000000000000000000000000000000000000000000000000000000000000000000000000000000000000000000000000000000000000000000000000000000000000000000000000000000000000000000000000000000000000000000000000000000000000000000000000000000000000000000000000000000000000000000000000000000000000000000000000000000000000000000
1767248606550835641664742197465092663539406205665931867765290801623689304777204268886598083501431842321623234474887470433938123105299558981228908859671704908397530307095817816236846094965229951547090851226125716483206251508795650329601597385224267962947866331193542182518076724294891605553788911967600028674079/2500000000000000000000000000000000000000000000000000000000000000000000000000000000000000000000000000000000000000000000000000000000000000000000000000000000000000000000000000000000000000000000000000000000000000000000000000000000000000000000000000000000000000000000000000000000000000000000000000000000000000000000 -6034421668147564241569670848216227711362331508281286764238582894876791767358259046384856477344437042805728981686492227476705304882659752206499394341864902438693059835765078776217912273049633193356357487531124820281944386901053424360261633015925073919603506609598540570534408717555084778511306901471123650428713/10000000000000000000000000000000000000000000000000000000000000000000000000000000000000000000000000000000000000000000000000000000000000000000000000000000000000000000000000000000000000000000000000000000000000000000000000000000000000000000000000000000000000000000000000000000000000000000000000000000000000000000000
1979865763577571538788272228761765292246772271950815697615546649895872149526461390200080907317202116851128336145372098449037797505356117548040197949722231438317514827445534335360402462311573626301964345227344690458060573521101519188504713188593456233267006317088243005967801490754591517035746333634157383632823/2500000000000000000000000000000000000000000000000000000000000000000000000000000000000000000000000000000000000000000000000000000000000000000000000000000000000000000000000000000000000000000000000000000000000000000000000000000000000000000000000000000000000000000000000000000000000000000000000000000000000000000000 2137813960732314068780705499543834678075249784303230890460343044164762633448283197985220216727522684450652359742764016073464902060208047958218829214814183149986285949177101044044308352333342284404192119992662316375132641294603627097932238456629083450540768715362598041825517694017591104790505485677501993498113/5000000000000000000000000000000000000000000000000000000000000000000000000000000000000000000000000000000000000000000000000000000000000000000000000000000000000000000000000000000000000000000000000000000000000000000000000000000000000000000000000000000000000000000000000000000000000000000000000000000000000000000000
2403843162152389936866065493174233103933259930526158194252244496498493529869167740947588744313050606979524199313604403879858107894753970641642046006601384671425218220032210645059120103942744709580471281651191768503481091827814069845615384239886083040273485054478882218877040532963700329599775259127556126041659/5000000000000000000000000000000000000000000000000000000000000000000000000000000000000000000000000000000000000000000000000000000000000000000000000000000000000000000000000000000000000000000000000000000000000000000000000000000000000000000000000000000000000000000000000000000000000000000000000000000000000000000000 2088301630058242336517192972815217912341301053793192196848459519748018919133048706147655830953416900919203169636631043166892342679921049905683007434066738244465135457850965128777901893514762818935617885408274899086097429566591454669233147571654158733938374204084305469939818613669857593513341684424799950732601/5000000000000000000000000000000000000000000000000000000000000000000000000000000000000000000000000000000000000000000000000000000000000000000000000000000000000000000000000000000000000000000000000000000000000000000000000000000000000000000000000000000000000000000000000000000000000000000000000000000000000000000000
1427956970947639525472108885256265817151761717245108148211433740394353176943499144278027475362982518697907023283242414005910013197049495064207017631464955033920530001227974233726479077049581228021824076114453408597531524363581374054297210537766963373738236764859972813907023349526097992012630279149992134370109/2000000000000000000000000000000000000000000000000000000000000000000000000000000000000000000000000000000000000000000000000000000000000000000000000000000000000000000000000000000000000000000000000000000000000000000000000000000000000000000000000000000000000000000000000000000000000000000000000000000000000000000000 -2609877856081694494456389851688986747137030102378216032489162067100669670490560467276719706810103592642335230353814066510677751700670026165114953621912608513166557433662723259229414372421659345907400357754842098711810342814697034580463599732862852887772505422563582843806201369186762274643325731832640741886649/5000000000000000000000000000000000000000000000000000000000000000000000000000000000000000000000000000000000000000000000000000000000000000000000000000000000000000000000000000000000000000000000000000000000000000000000000000000000000000000000000000000000000000000000000000000000000000000000000000000000000000000000

5
3219612543006179859594717514685809846554537472144316081353263305985620654691558548611897153746534783570622194894405047514678178767931827702981466801160459193042714804462389669955867213759101915357483926023646480041464365706416740527298749987555465824558183661600304010139339736975183573196960073205666248121749/10000000000000000000000000000000000000000000000000000000000000000000000000000000000000000000000000000000000000000000000000000000000000000000000000000000000000000000000000000000000000000000000000000000000000000000000000000000000000000000000000000000000000000000000000000000000000000000000000000000000000000000000 -408599877851343147811307460402736166651603777489185340947347346536274563318435927777780571616106577206022279490395339159262852405934014844359036652506478785380462723829368304762959827111611824692762174309371912062674396676275510271832507436859914566877656157176440410339507090695782693047015509691220547380881/1250000000000000000000000000000000000000000000000000000000000000000000000000000000000000000000000000000000000000000000000000000000000000000000000000000000000000000000000000000000000000000000000000000000000000000000000000000000000000000000000000000000000000000000000000000000000000000000000000000000000000000000
-195997418041063656086735748940399133345212183768405045024116325619486856419768770816364162109007766987851905917421606486968585499648733173077191525646711069923381783194343250018825007340246012601466440003728858685792446182488160189629611401482652477745158083030068521128835608274272739033357491452724946592637/625000000000000000000000000000000000000000000000000000000000000000000000000000000000000000000000000000000000000000000000000000000000000000000000000000000000000000000000000000000000000000000000000000000000000000000000000000000000000000000000000000000000000000000000000000000000000000000000000000000000000000000 1574155593170474884515496044556201979177223214822894408237359984324922058530259823263493181807620106291927039422763695656775923103256006347018061759918556192063386471300089281465584176452683351483774925213855787644105779431454780235071062158001319511761295968030707024803650401447891580308598006705468820225947/10000000000000000000000000000000000000000000000000000000000000000000000000000000000000000000000000000000000000000000000000000000000000000000000000000000000000000000000000000000000000000000000000000000000000000000000000000000000000000000000000000000000000000000000000000000000000000000000000000000000000000000000
1636275044882809828953088575055831636349376837645674506852288669420482130406635002656467499317459225933484029845554613541103447275669466485940557494249324194951682233430266352772552434789727645744660843192234482231176658086987735022511266179233530274368105670422022782135177015528435822106485574764680213944179/5000000000000000000000000000000000000000000000000000000000000000000000000000000000000000000000000000000000000000000000000000000000000000000000000000000000000000000000000000000000000000000000000000000000000000000000000000000000000000000000000000000000000000000000000000000000000000000000000000000000000000000000 3750031036497132975263514520790432666960113314803462856729213863236634584658959632893171964286280779841705336850294481144030533099728573110188115981317850083178084460501932496441779775458012041813080157325083137278311470383262269087477704717146877065411027184488183154179369367282217809071088211556222086540667/10000000000000000000000000000000000000000000000000000000000000000000000000000000000000000000000000000000000000000000000000000000000000000000000000000000000000000000000000000000000000000000000000000000000000000000000000000000000000000000000000000000000000000000000000000000000000000000000000000000000000000000000
-403369723911206500267724055710034120420648166336857255566107883565101066791582134940492602250517464200331595697589444424452379055308244640174097584006702825159546699995490280094845724933906620811739553402329504733263308787563928192355975551613832127978520231673653030773080401326732961007756431029420537957577/1250000000000000000000000000000000000000000000000000000000000000000000000000000000000000000000000000000000000000000000000000000000000000000000000000000000000000000000000000000000000000000000000000000000000000000000000000000000000000000000000000000000000000000000000000000000000000000000000000000000000000000000 1836383221774612105698285984992088448298762288839817635214215260653689196493984531111348309073989445202370376750701345914412587086980378117508240411077155126828453668941216518844274664563752002986216758399549798330699012272849169439039604873307328239158918699676530121023447431034628823603618679945220300987379/10000000000000000000000000000000000000000000000000000000000000000000000000000000000000000000000000000000000000000000000000000000000000000000000000000000000000000000000000000000000000000000000000000000000000000000000000000000000000000000000000000000000000000000000000000000000000000000000000000000000000000000000
4325814765601010737279410941965446339880777187075331075831091432881474806109920396698130736095686032108301769087907039500665109082584865620455794022370062797961678689308477436949099694144170702150170506850640628170859909387725063942725369705276617676745538644392817538739627896576701849326741852379825251587349/500000000000000000000000000000000000000000000000000000000000000000000000000000000000000000000000000000000000000000000000000000000000000000000000000000000000000000000000000000000000000000000000000000000000000000000000000000000000000000000000000000000000000000000000000000000000000000000000000000000000000000000000 -331140804141436488384362866772788706165774907871728366228462176771110491146512523189896012080117078839379286201976708392900627528647536477748124033114844635138420107957923430766033369622327586625903163322812850859136631624559440149360763940256911877641736133025772197006927578445424286058996156124345553306027/625000000000000000000000000000000000000000000000000000000000000000000000000000000000000000000000000000000000000000000000000000000000000000000000000000000000000000000000000000000000000000000000000000000000000000000000000000000000000000000000000000000000000000000000000000000000000000000000000000000000000000000

3 2
-3245767232410717643543185464076835999712705992398418246360848314530406438286615327718568017549667420142865108218878955123756604384066022588696823553888816285954058848880586617017386450248376267431700372769775452484443071979595870832344923401220141863937023208860042180229620793366537926168086987860987091676131/10000000000000000000000000000000000000000000000000000000000000000000000000000000000000000000000000000000000000000000000000000000000000000000000000000000000000000000000000000000000000000000000000000000000000000000000000000000000000000000000000000000000000000000000000000000000000000000000000000000000000000000000 -8047693458319188396403480099066280409439562244544723328717289304010172849290862153971657207403393720607247588338555665340215692213630055755818226082266844775626372947020951296912972627086222144905941994184257264309513056882428686728660076745205742145814515552106543907603173630250180838323262028923475010170469/10000000000000000000000000000000000000000000000000000000000000000000000000000000000000000000000000000000000000000000000000000000000000000000000000000000000000000000000000000000000000000000000000000000000000000000000000000000000000000000000000000000000000000000000000000000000000000000000000000000000000000000000
-2264626703818120156194455227851938091747394520993304880923989733604532874977799629088394024030530355755120058166793862876030220271627556454102025918235513768480908387260890914268244686290912376672542861847844682823423428986446327421434044702133133170002186914226677727366804438704565915667940911154576166786987/10000000000000000000000000000000000000000000000000000000000000000000000000000000000000000000000000000000000000000000000000000000000000000000000000000000000000000000000000000000000000000000000000000000000000000000000000000000000000000000000000000000000000000000000000000000000000000000000000000000000000000000000 27901542831926635043338471387501917710882952622072995502050008604471194217894816203376505918934161529262595634817550386823461432138588604976473841325544943973929239426584903579758575958454968096132356118276451263675656922594732603054511020000543612022113680867172099400330294602002154894395348534675807579393/78125000000000000000000000000000000000000000000000000000000000000000000000000000000000000000000000000000000000000000000000000000000000000000000000000000000000000000000000000000000000000000000000000000000000000000000000000000000000000000000000000000000000000000000000000000000000000000000000000000000000000000
-106580548433831373884846685402150419906534786979216842188016133576158692122765898533408327654166846706585937068831688861435902841647905124820452336804102892964918170347476412881377352999491779492784215485772703038360496480817780188317638721586329389721438091443654230334097026523361110668284813228037466423807/625000000000000000000000000000000000000000000000000000000000000000000000000000000000000000000000000000000000000000000000000000000000000000000000000000000000000000000000000000000000000000000000000000000000000000000000000000000000000000000000000000000000000000000000000000000000000000000000000000000000000000000 748634267591735463429820392224375076458280342014846592639340910064425145073285390735180388898348551370945277126383722602165964054093074918159754996967422774863092998574875447656458599412275730675814710308849979545842448604148126241353935723883430039389947955777946051069609122095130572898118161728414220694477/5000000000000000000000000000000000000000000000000000000000000000000000000000000000000000000000000000000000000000000000000000000000000000000000000000000000000000000000000000000000000000000000000000000000000000000000000000000000000000000000000000000000000000000000000000000000000000000000000000000000000000000000
-7515570503778496816109708507848731328117940547578562792450354987407308377887922659023202921872992230065686524348667070768610629554672271821323129687584737004115679993074533777866470648574011576645712089350165550486473052642098449322895323826450483396939865460267728022893878181191914105761438775723091183335633/10000000000000000000000000000000000000000000000000000000000000000000000000000000000000000000000000000000000000000000000000000000000000000000000000000000000000000000000000000000000000000000000000000000000000000000000000000000000000000000000000000000000000000000000000000000000000000000000000000000000000000000000 -274665137502545450898673112857250407845387607482297410570011334290134328373991578495196604307755342454467043773875529843075201187244939602195710127584352583808759680478630187569599622092674574507569140785547416090990390065680876902702872335472427289980194817961849739672948810003054523582324613197958798618083/1000000000000000000000000000000000000000000000000000000000000000000000000000000000000000000000000000000000000000000000000000000000000000000000000000000000000000000000000000000000000000000000000000000000000000000000000000000000000000000000000000000000000000000000000000000000000000000000000000000000000000000000
-901232931456790197157185688940771444222441312450800050712130487725016962932263621520822221760135362644284438265868258550060182782150028422767873033729551324796923836965711204410495489398286916362054346347273374530660362359333021336943599747653830192646962862707860179130234843359749733569385377184534193012077/5000000000000000000000000000000000000000000000000000000000000000000000000000000000000000000000000000000000000000000000000000000000000000000000000000000000000000000000000000000000000000000000000000000000000000000000000000000000000000000000000000000000000000000000000000000000000000000000000000000000000000000000 807487932159369196448223567075335504940008375911054016465310744970562319889923405755245989910752749513333069915803564075217235606402751717116151919474069132687147828223217908706699092854092125391017540475783050387573168795603058843163621128442683087552896566619447533985804109242224204361736883866987270206473/2000000000000000000000000000000000000000000000000000000000000000000000000000000000000000000000000000000000000000000000000000000000000000000000000000000000000000000000000000000000000000000000000000000000000000000000000000000000000000000000000000000000000000000000000000000000000000000000000000000000000000000000
-2018160365471802039115416762883911466097699984540679576998189925425511744046226459653144595583937803775361881312695511742060846831049167735615297548386295074149340149290686411765639574848151477564559039671694681814727242216605459959995128874976569955756302418839808764401705019987294185771114504261102211667489/5000000000000000000000000000000000000000000000000000000000000000000000000000000000000000000000000000000000000000000000000000000000000000000000000000000000000000000000000000000000000000000000000000000000000000000000000000000000000000000000000000000000000000000000000000000000000000000000000000000000000000000000 1340450334105104741891389757509250283321036882072825687731503940185109625306902218344581980582294579386833734816846157441402534627003122607530687683364167473941242867983118924730297469171417394077558109342866334478727155120800594643595937690776175321044797566380589162707305390150828121176665413679562394943377/10000000000000000000000000000000000000000000000000000000000000000000000000000000000000000000000000000000000000000000000000000000000000000000000000000000000000000000000000000000000000000000000000000000000000000000000000000000000000000000000000000000000000000000000000000000000000000000000000000000000000000000000

6
8
4
6
2
4
5
1 0
0 0
0 0
0 0
0 0

0 0
1 5
196845716572090059696823313094922283349558097630704789088777074938096136219015731513307914750886146172214979986034346014415759589037099004389937449199448580426052149437236307452842721698283639622490687119605031814736952349271123889238603955197777616034435735284715462055695846061879502094102967054764423281657/312500000000000000000000000000000000000000000000000000000000000000000000000000000000000000000000000000000000000000000000000000000000000000000000000000000000000000000000000000000000000000000000000000000000000000000000000000000000000000000000000000000000000000000000000000000000000000000000000000000000000000000 511747111768723152356635088470055330990219226300713709092574852519203612953596029433779825947520120796902896501738080972058868170002873001174986339004793872744562032641245324366720939834434174478180255653627075173440825818260125968846573563338341184450843005871123424083468057925507268252571733993195604646323/5000000000000000000000000000000000000000000000000000000000000000000000000000000000000000000000000000000000000000000000000000000000000000000000000000000000000000000000000000000000000000000000000000000000000000000000000000000000000000000000000000000000000000000000000000000000000000000000000000000000000000000000
1767248606550835641664742197465092663539406205665931867765290801623689304777204268886598083501431842321623234474887470433938123105299558981228908859671704908397530307095817816236846094965229951547090851226125716483206251508795650329601597385224267962947866331193542182518076724294891605553788911967600028674079/2500000000000000000000000000000000000000000000000000000000000000000000000000000000000000000000000000000000000000000000000000000000000000000000000000000000000000000000000000000000000000000000000000000000000000000000000000000000000000000000000000000000000000000000000000000000000000000000000000000000000000000000 -6034421668147564241569670848216227711362331508281286764238582894876791767358259046384856477344437042805728981686492227476705304882659752206499394341864902438693059835765078776217912273049633193356357487531124820281944386901053424360261633015925073919603506609598540570534408717555084778511306901471123650428713/10000000000000000000000000000000000000000000000000000000000000000000000000000000000000000000000000000000000000000000000000000000000000000000000000000000000000000000000000000000000000000000000000000000000000000000000000000000000000000000000000000000000000000000000000000000000000000000000000000000000000000000000
1979865763577571538788272228761765292246772271950815697615546649895872149526461390200080907317202116851128336145372098449037797505356117548040197949722231438317514827445534335360402462311573626301964345227344690458060573521101519188504713188593456233267006317088243005967801490754591517035746333634157383632823/2500000000000000000000000000000000000000000000000000000000000000000000000000000000000000000000000000000000000000000000000000000000000000000000000000000000000000000000000000000000000000000000000000000000000000000000000000000000000000000000000000000000000000000000000000000000000000000000000000000000000000000000 2137813960732314068780705499543834678075249784303230890460343044164762633448283197985220216727522684450652359742764016073464902060208047958218829214814183149986285949177101044044308352333342284404192119992662316375132641294603627097932238456629083450540768715362598041825517694017591104790505485677501993498113/5000000000000000000000000000000000000000000000000000000000000000000000000000000000000000000000000000000000000000000000000000000000000000000000000000000000000000000000000000000000000000000000000000000000000000000000000000000000000000000000000000000000000000000000000000000000000000000000000000000000000000000000
2403843162152389936866065493174233103933259930526158194252244496498493529869167740947588744313050606979524199313604403879858107894753970641642046006601384671425218220032210645059120103942744709580471281651191768503481091827814069845615384239886083040273485054478882218877040532963700329599775259127556126041659/5000000000000000000000000000000000000000000000000000000000000000000000000000000000000000000000000000000000000000000000000000000000000000000000000000000000000000000000000000000000000000000000000000000000000000000000000000000000000000000000000000000000000000000000000000000000000000000000000000000000000000000000 2088301630058242336517192972815217912341301053793192196848459519748018919133048706147655830953416900919203169636631043166892342679921049905683007434066738244465135457850965128777901893514762818935617885408274899086097429566591454669233147571654158733938374204084305469939818613669857593513341684424799950732601/5000000000000000000000000000000000000000000000000000000000000000000000000000000000000000000000000000000000000000000000000000000000000000000000000000000000000000000000000000000000000000000000000000000000000000000000000000000000000000000000000000000000000000000000000000000000000000000000000000000000000000000000
1427956970947639525472108885256265817151761717245108148211433740394353176943499144278027475362982518697907023283242414005910013197049495064207017631464955033920530001227974233726479077049581228021824076114453408597531524363581374054297210537766963373738236764859972813907023349526097992012630279149992134370109/2000000000000000000000000000000000000000000000000000000000000000000000000000000000000000000000000000000000000000000000000000000000000000000000000000000000000000000000000000000000000000000000000000000000000000000000000000000000000000000000000000000000000000000000000000000000000000000000000000000000000000000000 -2609877856081694494456389851688986747137030102378216032489162067100669670490560467276719706810103592642335230353814066510677751700670026165114953621912608513166557433662723259229414372421659345907400357754842098711810342814697034580463599732862852887772505422563582843806201369186762274643325731832640741886649/5000000000000000000000000000000000000000000000000000000000000000000000000000000000000000000000000000000000000000000000000000000000000000000000000000000000000000000000000000000000000000000000000000000000000000000000000000000000000000000000000000000000000000000000000000000000000000000000000000000000000000000000

5
3219612543006179859594717514685809846554537472144316081353263305985620654691558548611897153746534783570622194894405047514678178767931827702981466801160459193042714804462389669955867213759101915357483926023646480041464365706416740527298749987555465824558183661600304010139339736975183573196960073205666248121749/10000000000000000000000000000000000000000000000000000000000000000000000000000000000000000000000000000000000000000000000000000000000000000000000000000000000000000000000000000000000000000000000000000000000000000000000000000000000000000000000000000000000000000000000000000000000000000000000000000000000000000000000 -408599877851343147811307460402736166651603777489185340947347346536274563318435927777780571616106577206022279490395339159262852405934014844359036652506478785380462723829368304762959827111611824692762174309371912062674396676275510271832507436859914566877656157176440410339507090695782693047015509691220547380881/1250000000000000000000000000000000000000000000000000000000000000000000000000000000000000000000000000000000000000000000000000000000000000000000000000000000000000000000000000000000000000000000000000000000000000000000000000000000000000000000000000000000000000000000000000000000000000000000000000000000000000000000
-195997418041063656086735748940399133345212183768405045024116325619486856419768770816364162109007766987851905917421606486968585499648733173077191525646711069923381783194343250018825007340246012601466440003728858685792446182488160189629611401482652477745158083030068521128835608274272739033357491452724946592637/625000000000000000000000000000000000000000000000000000000000000000000000000000000000000000000000000000000000000000000000000000000000000000000000000000000000000000000000000000000000000000000000000000000000000000000000000000000000000000000000000000000000000000000000000000000000000000000000000000000000000000000 1574155593170474884515496044556201979177223214822894408237359984324922058530259823263493181807620106291927039422763695656775923103256006347018061759918556192063386471300089281465584176452683351483774925213855787644105779431454780235071062158001319511761295968030707024803650401447891580308598006705468820225947/10000000000000000000000000000000000000000000000000000000000000000000000000000000000000000000000000000000000000000000000000000000000000000000000000000000000000000000000000000000000000000000000000000000000000000000000000000000000000000000000000000000000000000000000000000000000000000000000000000000000000000000000
1636275044882809828953088575055831636349376837645674506852288669420482130406635002656467499317459225933484029845554613541103447275669466485940557494249324194951682233430266352772552434789727645744660843192234482231176658086987735022511266179233530274368105670422022782135177015528435822106485574764680213944179/5000000000000000000000000000000000000000000000000000000000000000000000000000000000000000000000000000000000000000000000000000000000000000000000000000000000000000000000000000000000000000000000000000000000000000000000000000000000000000000000000000000000000000000000000000000000000000000000000000000000000000000000 3750031036497132975263514520790432666960113314803462856729213863236634584658959632893171964286280779841705336850294481144030533099728573110188115981317850083178084460501932496441779775458012041813080157325083137278311470383262269087477704717146877065411027184488183154179369367282217809071088211556222086540667/10000000000000000000000000000000000000000000000000000000000000000000000000000000000000000000000000000000000000000000000000000000000000000000000000000000000000000000000000000000000000000000000000000000000000000000000000000000000000000000000000000000000000000000000000000000000000000000000000000000000000000000000
-403369723911206500267724055710034120420648166336857255566107883565101066791582134940492602250517464200331595697589444424452379055308244640174097584006702825159546699995490280094845724933906620811739553402329504733263308787563928192355975551613832127978520231673653030773080401326732961007756431029420537957577/1250000000000000000000000000000000000000000000000000000000000000000000000000000000000000000000000000000000000000000000000000000000000000000000000000000000000000000000000000000000000000000000000000000000000000000000000000000000000000000000000000000000000000000000000000000000000000000000000000000000000000000000 1836383221774612105698285984992088448298762288839817635214215260653689196493984531111348309073989445202370376750701345914412587086980378117508240411077155126828453668941216518844274664563752002986216758399549798330699012272849169439039604873307328239158918699676530121023447431034628823603618679945220300987379/10000000000000000000000000000000000000000000000000000000000000000000000000000000000000000000000000000000000000000000000000000000000000000000000000000000000000000000000000000000000000000000000000000000000000000000000000000000000000000000000000000000000000000000000000000000000000000000000000000000000000000000000
4325814765601010737279410941965446339880777187075331075831091432881474806109920396698130736095686032108301769087907039500665109082584865620455794022370062797961678689308477436949099694144170702150170506850640628170859909387725063942725369705276617676745538644392817538739627896576701849326741852379825251587349/500000000000000000000000000000000000000000000000000000000000000000000000000000000000000000000000000000000000000000000000000000000000000000000000000000000000000000000000000000000000000000000000000000000000000000000000000000000000000000000000000000000000000000000000000000000000000000000000000000000000000000000000 -331140804141436488384362866772788706165774907871728366228462176771110491146512523189896012080117078839379286201976708392900627528647536477748124033114844635138420107957923430766033369622327586625903163322812850859136631624559440149360763940256911877641736133025772197006927578445424286058996156124345553306027/625000000000000000000000000000000000000000000000000000000000000000000000000000000000000000000000000000000000000000000000000000000000000000000000000000000000000000000000000000000000000000000000000000000000000000000000000000000000000000000000000000000000000000000000000000000000000000000000000000000000000000000

4 1
-3040726075587520882396313302035365884797309688117417879684638211153080368572473887505742754275284521541296524736130802965177511394352505950517716846574140553998539074937562680398183480738258606860638216563298566299313371754922027021987000551332167271237456030612948456988190868427321771567746953155901981618681/10000000000000000000000000000000000000000000000000000000000000000000000000000000000000000000000000000000000000000000000000000000000000000000000000000000000000000000000000000000000000000000000000000000000000000000000000000000000000000000000000000000000000000000000000000000000000000000000000000000000000000000000 -1845414907475841484172622476147433704805872789299448764677992833876683044106837237720201622052740520737819969782235796735984383039531192269790017595797607954576137834645090040670370007034024666691383188240952103650330937071981341673466364941840138918422862092753997038094625609947972828106146712406206873001619/1000000000000000000000000000000000000000000000000000000000000000000000000000000000000000000000000000000000000000000000000000000000000000000000000000000000000000000000000000000000000000000000000000000000000000000000000000000000000000000000000000000000000000000000000000000000000000000000000000000000000000000000000
1769487318884983538985763430809568451775961225512933020271011088325844834473009506633808521526123199696204671856661706031941875207265165954937916743105201887158106512669595282671216050445893239335222166010989351974948180502223224033465031089398138075549271421897695912404874231708649811204180274420580688298747/5000000000000000000000000000000000000000000000000000000000000000000000000000000000000000000000000000000000000000000000000000000000000000000000000000000000000000000000000000000000000000000000000000000000000000000000000000000000000000000000000000000000000000000000000000000000000000000000000000000000000000000000 -282304243718117759460033516682419358973089611019530064104930951961317711841999208565100228552784022406919768356316842018976813390453582727439194826652012131141892947178909592888336078876897221492275349317780359036381044048883044609106947937562622130988113408157857120054479016589808328434117903128948248301267/500000000000000000000000000000000000000000000000000000000000000000000000000000000000000000000000000000000000000000000000000000000000000000000000000000000000000000000000000000000000000000000000000000000000000000000000000000000000000000000000000000000000000000000000000000000000000000000000000000000000000000000
147137639731533823917768674979591471507354871292575098475800276116904110693481969236461575326745579197065238931067466920732783777883010329892214553014819566107535854908185023928032347016490705254968018383490507766770049198669799059113795381309797616448238482808983575037985133523139010654020730863212772407183/500000000000000000000000000000000000000000000000000000000000000000000000000000000000000000000000000000000000000000000000000000000000000000000000000000000000000000000000000000000000000000000000000000000000000000000000000000000000000000000000000000000000000000000000000000000000000000000000000000000000000000000 4989920352527070604135306392973122302745157275689371750927606024760270269716167157358897477985220584618993006668849301407237633160777335063849869351852125682112743382658840512969501763776407568145793776855002742006924015952327704716324333351165697118699614184380655352352786167065005939162605356985182809201053/10000000000000000000000000000000000000000000000000000000000000000000000000000000000000000000000000000000000000000000000000000000000000000000000000000000000000000000000000000000000000000000000000000000000000000000000000000000000000000000000000000000000000000000000000000000000000000000000000000000000000000000000
-5881789079145399439135477773181015621114279997498966799218910761218289260841402141907208260012224808898935767894163735649020134738851580344853438530391519763494401144181251530293352461678036032145478897042031628034556741977380281247846349092331865112062528686024891100393895022075078956803949672159622942385893/100000000000000000000000000000000000000000000000000000000000000000000000000000000000000000000000000000000000000000000000000000000000000000000000000000000000000000000000000000000000000000000000000000000000000000000000000000000000000000000000000000000000000000000000000000000000000000000000000000000000000000000000 -3527885332569004737129080592931313755547242280722357846673464172732461665320571731719575392568208617432648205462136447816402109906527577360718818505648087848353787423271721056670996199917072529945630601795790765214968583796258426701857407702907565668767836245182997511548478451537621071427645141771254422575911/10000000000000000000000000000000000000000000000000000000000000000000000000000000000000000000000000000000000000000000000000000000000000000000000000000000000000000000000000000000000000000000000000000000000000000000000000000000000000000000000000000000000000000000000000000000000000000000000000000000000000000000000

8
6
4
2
5
1 0
0 0
0 0
0 0
0 0

0 0
0 5

5
3219612543006179859594717514685809846554537472144316081353263305985620654691558548611897153746534783570622194894405047514678178767931827702981466801160459193042714804462389669955867213759101915357483926023646480041464365706416740527298749987555465824558183661600304010139339736975183573196960073205666248121749/10000000000000000000000000000000000000000000000000000000000000000000000000000000000000000000000000000000000000000000000000000000000000000000000000000000000000000000000000000000000000000000000000000000000000000000000000000000000000000000000000000000000000000000000000000000000000000000000000000000000000000000000 -408599877851343147811307460402736166651603777489185340947347346536274563318435927777780571616106577206022279490395339159262852405934014844359036652506478785380462723829368304762959827111611824692762174309371912062674396676275510271832507436859914566877656157176440410339507090695782693047015509691220547380881/1250000000000000000000000000000000000000000000000000000000000000000000000000000000000000000000000000000000000000000000000000000000000000000000000000000000000000000000000000000000000000000000000000000000000000000000000000000000000000000000000000000000000000000000000000000000000000000000000000000000000000000000
-195997418041063656086735748940399133345212183768405045024116325619486856419768770816364162109007766987851905917421606486968585499648733173077191525646711069923381783194343250018825007340246012601466440003728858685792446182488160189629611401482652477745158083030068521128835608274272739033357491452724946592637/625000000000000000000000000000000000000000000000000000000000000000000000000000000000000000000000000000000000000000000000000000000000000000000000000000000000000000000000000000000000000000000000000000000000000000000000000000000000000000000000000000000000000000000000000000000000000000000000000000000000000000000 1574155593170474884515496044556201979177223214822894408237359984324922058530259823263493181807620106291927039422763695656775923103256006347018061759918556192063386471300089281465584176452683351483774925213855787644105779431454780235071062158001319511761295968030707024803650401447891580308598006705468820225947/10000000000000000000000000000000000000000000000000000000000000000000000000000000000000000000000000000000000000000000000000000000000000000000000000000000000000000000000000000000000000000000000000000000000000000000000000000000000000000000000000000000000000000000000000000000000000000000000000000000000000000000000
1636275044882809828953088575055831636349376837645674506852288669420482130406635002656467499317459225933484029845554613541103447275669466485940557494249324194951682233430266352772552434789727645744660843192234482231176658086987735022511266179233530274368105670422022782135177015528435822106485574764680213944179/5000000000000000000000000000000000000000000000000000000000000000000000000000000000000000000000000000000000000000000000000000000000000000000000000000000000000000000000000000000000000000000000000000000000000000000000000000000000000000000000000000000000000000000000000000000000000000000000000000000000000000000000 3750031036497132975263514520790432666960113314803462856729213863236634584658959632893171964286280779841705336850294481144030533099728573110188115981317850083178084460501932496441779775458012041813080157325083137278311470383262269087477704717146877065411027184488183154179369367282217809071088211556222086540667/10000000000000000000000000000000000000000000000000000000000000000000000000000000000000000000000000000000000000000000000000000000000000000000000000000000000000000000000000000000000000000000000000000000000000000000000000000000000000000000000000000000000000000000000000000000000000000000000000000000000000000000000
-403369723911206500267724055710034120420648166336857255566107883565101066791582134940492602250517464200331595697589444424452379055308244640174097584006702825159546699995490280094845724933906620811739553402329504733263308787563928192355975551613832127978520231673653030773080401326732961007756431029420537957577/1250000000000000000000000000000000000000000000000000000000000000000000000000000000000000000000000000000000000000000000000000000000000000000000000000000000000000000000000000000000000000000000000000000000000000000000000000000000000000000000000000000000000000000000000000000000000000000000000000000000000000000000 1836383221774612105698285984992088448298762288839817635214215260653689196493984531111348309073989445202370376750701345914412587086980378117508240411077155126828453668941216518844274664563752002986216758399549798330699012272849169439039604873307328239158918699676530121023447431034628823603618679945220300987379/10000000000000000000000000000000000000000000000000000000000000000000000000000000000000000000000000000000000000000000000000000000000000000000000000000000000000000000000000000000000000000000000000000000000000000000000000000000000000000000000000000000000000000000000000000000000000000000000000000000000000000000000
4325814765601010737279410941965446339880777187075331075831091432881474806109920396698130736095686032108301769087907039500665109082584865620455794022370062797961678689308477436949099694144170702150170506850640628170859909387725063942725369705276617676745538644392817538739627896576701849326741852379825251587349/500000000000000000000000000000000000000000000000000000000000000000000000000000000000000000000000000000000000000000000000000000000000000000000000000000000000000000000000000000000000000000000000000000000000000000000000000000000000000000000000000000000000000000000000000000000000000000000000000000000000000000000000 -331140804141436488384362866772788706165774907871728366228462176771110491146512523189896012080117078839379286201976708392900627528647536477748124033114844635138420107957923430766033369622327586625903163322812850859136631624559440149360763940256911877641736133025772197006927578445424286058996156124345553306027/625000000000000000000000000000000000000000000000000000000000000000000000000000000000000000000000000000000000000000000000000000000000000000000000000000000000000000000000000000000000000000000000000000000000000000000000000000000000000000000000000000000000000000000000000000000000000000000000000000000000000000000

